1387296422.0
1387296614.0
1387297682.0
1387298255.0
1387298290.0
1387298972.0
1387299032.0
1387299139.0
1387299389.0
1387299473.0
1387299504.0
1387299507.0
1387299531.0
1387299540.0
1387299563.0
1387299638.0
1387299714.0
1387299760.0
1387300105.0
1387300176.0
1387301146.0
1387301303.0
1387301352.0
1387301356.0
1387301366.0
1387301371.0
1387301373.0
1387301859.0
1387302226.0
1387302292.0
1387302385.0
1387302737.0
1387302743.0
1387302877.0
1387302924.0
1387302937.0
1387302966.0
1387303519.0
1387303537.0
1387303541.0
1387303618.0
1387303647.0
1387303653.0
1387303813.0
1387303897.0
1387304217.0
1387304647.0
1387305085.0
1387305128.0
1387305530.0
1387305530.0
1387305559.0
1387305742.0
1387305930.0
1387306310.0
1387306519.0
1387306757.0
1387306762.0
1387306804.0
1387306842.0
1387306964.0
1387307040.0
1387307354.0
1387307928.0
1387307967.0
1387308020.0
1387308630.0
1387308808.0
1387309097.0
1387309135.0
1387309316.0
1387309380.0
1387309472.0
1387309683.0
1387309724.0
1387311290.0
1387311480.0
1387311528.0
1387312201.0
1387312599.0
1387313118.0
1387313568.0
1387313772.0
1387313792.0
1387314172.0
1387314363.0
1387314562.0
1387314785.0
1387314906.0
1387315254.0
1387315302.0
1387315385.0
1387315806.0
1387316250.0
1387316644.0
1387316986.0
1387317231.0
1387317251.0
1387317315.0
1387317349.0
1387317492.0
1387317742.0
1387318061.0
1387318243.0
1387318358.0
1387318481.0
1387318545.0
1387318644.0
1387318774.0
1387319096.0
1387319433.0
1387319785.0
1387319804.0
1387320267.0
1387320510.0
1387320550.0
1387320685.0
1387320753.0
1387321263.0
1387321277.0
1387321476.0
1387321499.0
1387322096.0
1387322214.0
1387322549.0
1387322614.0
1387322642.0
1387322664.0
1387322665.0
1387322669.0
1387322670.0
1387322682.0
1387322687.0
1387322704.0
1387322739.0
1387322758.0
1387322771.0
1387322873.0
1387322972.0
1387322984.0
1387323077.0
1387323128.0
1387323174.0
1387323324.0
1387323473.0
1387323617.0
1387323669.0
1387323697.0
1387323698.0
1387323717.0
1387323724.0
1387323724.0
1387323728.0
1387323739.0
1387323747.0
1387323750.0
1387323784.0
1387323839.0
1387323875.0
1387323931.0
1387323964.0
1387324006.0
1387324029.0
1387324044.0
1387324052.0
1387324058.0
1387324093.0
1387324220.0
1387324323.0
1387324327.0
1387324567.0
1387324834.0
1387324951.0
1387325053.0
1387325190.0
1387325304.0
1387325349.0
1387325355.0
1387325375.0
1387325949.0
1387326233.0
1387326328.0
1387326336.0
1387326358.0
1387326375.0
1387326767.0
1387326926.0
1387327216.0
1387327327.0
1387327355.0
1387327811.0
1387327824.0
1387327866.0
1387328076.0
1387328176.0
1387328218.0
1387328412.0
1387328434.0
1387328460.0
1387329029.0
1387329701.0
1387329794.0
1387329883.0
1387329928.0
1387330037.0
1387330306.0
1387330329.0
1387330432.0
1387330540.0
1387330568.0
1387331030.0
1387331199.0
1387331234.0
1387331563.0
1387331626.0
1387331784.0
1387331942.0
1387331959.0
1387331978.0
1387332001.0
1387332002.0
1387332004.0
1387332015.0
1387332020.0
1387332032.0
1387332044.0
1387332187.0
1387332405.0
1387332537.0
1387332562.0
1387332715.0
1387332756.0
1387332819.0
1387332926.0
1387333170.0
1387333438.0
1387333776.0
1387333780.0
1387334009.0
1387334023.0
1387334070.0
1387334079.0
1387334136.0
1387334291.0
1387334403.0
1387334478.0
1387334506.0
1387334943.0
1387335010.0
1387335200.0
1387335232.0
1387335312.0
1387335412.0
1387335579.0
1387335930.0
1387335981.0
1387336275.0
1387336353.0
1387336428.0
1387336482.0
1387336483.0
1387336483.0
1387336484.0
1387336603.0
1387336609.0
1387336636.0
1387336648.0
1387336768.0
1387336768.0
1387336822.0
1387336867.0
1387336878.0
1387336888.0
1387336981.0
1387337016.0
1387337092.0
1387337131.0
1387337165.0
1387337167.0
1387337169.0
1387337245.0
1387337483.0
1387337662.0
1387337666.0
1387337679.0
1387337800.0
1387337814.0
1387337839.0
1387337858.0
1387337908.0
1387337974.0
1387337982.0
1387338011.0
1387338035.0
1387338039.0
1387338084.0
1387338114.0
1387338132.0
1387338187.0
1387338265.0
1387338331.0
1387338357.0
1387338369.0
1387338420.0
1387338453.0
1387338620.0
1387338700.0
1387338729.0
1387338761.0
1387338772.0
1387338792.0
1387338807.0
1387338844.0
1387338864.0
1387338902.0
1387338956.0
1387339068.0
1387339086.0
1387339118.0
1387339161.0
1387339183.0
1387339208.0
1387339212.0
1387339252.0
1387339265.0
1387339276.0
1387339421.0
1387339470.0
1387339568.0
1387339578.0
1387339826.0
1387339853.0
1387339917.0
1387339955.0
1387339973.0
1387340075.0
1387340077.0
1387340125.0
1387340125.0
1387340178.0
1387340208.0
1387340309.0
1387340351.0
1387340392.0
1387340457.0
1387340481.0
1387340557.0
1387340628.0
1387340720.0
1387340764.0
1387340824.0
1387340846.0
1387340852.0
1387340853.0
1387340871.0
1387341233.0
1387341545.0
1387341772.0
1387341806.0
1387341967.0
1387342034.0
1387342065.0
1387342093.0
1387342158.0
1387342209.0
1387342315.0
1387342345.0
1387342434.0
1387342447.0
1387342511.0
1387342533.0
1387342558.0
1387342562.0
1387342689.0
1387342737.0
1387342801.0
1387342813.0
1387342813.0
1387342833.0
1387342858.0
1387342860.0
1387342873.0
1387342966.0
1387343025.0
1387343175.0
1387343178.0
1387343188.0
1387343252.0
1387343380.0
1387343531.0
1387343627.0
1387343775.0
1387344049.0
1387344050.0
1387344128.0
1387344131.0
1387344468.0
1387344483.0
1387344579.0
1387344599.0
1387344660.0
1387344774.0
1387344818.0
1387344942.0
1387344969.0
1387344997.0
1387345021.0
1387345043.0
1387345090.0
1387345163.0
1387345174.0
1387345189.0
1387345240.0
1387345325.0
1387345507.0
1387345779.0
1387345932.0
1387345938.0
1387345939.0
1387345943.0
1387345945.0
1387345945.0
1387345951.0
1387346056.0
1387346065.0
1387346163.0
1387346175.0
1387346227.0
1387346268.0
1387346423.0
1387346471.0
1387346500.0
1387347043.0
1387347060.0
1387347094.0
1387347122.0
1387347145.0
1387347195.0
1387347233.0
1387347281.0
1387347437.0
1387347440.0
1387347515.0
1387347578.0
1387347593.0
1387347650.0
1387347862.0
1387347867.0
1387347878.0
1387347917.0
1387347924.0
1387347930.0
1387347937.0
1387347970.0
1387347974.0
1387348064.0
1387348111.0
1387348176.0
1387348204.0
1387348286.0
1387348297.0
1387348333.0
1387348442.0
1387348450.0
1387348560.0
1387348642.0
1387348767.0
1387348866.0
1387348879.0
1387348989.0
1387349159.0
1387349204.0
1387349259.0
1387349388.0
1387349502.0
1387349558.0
1387349660.0
1387349668.0
1387349849.0
1387349878.0
1387349923.0
1387350382.0
1387350423.0
1387350534.0
1387350691.0
1387350701.0
1387350715.0
1387350905.0
1387351011.0
1387351046.0
1387351064.0
1387351368.0
1387351394.0
1387351469.0
1387351483.0
1387351883.0
1387352065.0
1387352106.0
1387352119.0
1387352392.0
1387352563.0
1387353069.0
1387353163.0
1387353301.0
1387353306.0
1387353367.0
1387353435.0
1387353567.0
1387353598.0
1387353610.0
1387353614.0
1387353614.0
1387353731.0
1387354021.0
1387354027.0
1387354610.0
1387354781.0
1387354790.0
1387354832.0
1387355041.0
1387355273.0
1387355383.0
1387355405.0
1387355440.0
1387355461.0
1387355786.0
1387355808.0
1387356024.0
1387356056.0
1387356064.0
1387356064.0
1387356207.0
1387356352.0
1387356477.0
1387356611.0
1387356664.0
1387356665.0
1387356667.0
1387356667.0
1387356669.0
1387356670.0
1387356670.0
1387356671.0
1387356672.0
1387356673.0
1387356675.0
1387356702.0
1387356736.0
1387356752.0
1387356854.0
1387356961.0
1387357078.0
1387357280.0
1387357569.0
1387357620.0
1387358284.0
1387358314.0
1387358350.0
1387358387.0
1387358398.0
1387358463.0
1387358464.0
1387358465.0
1387358466.0
1387358467.0
1387358482.0
1387358534.0
1387358539.0
1387358541.0
1387358542.0
1387358544.0
1387358545.0
1387358546.0
1387358547.0
1387358548.0
1387358667.0
1387358999.0
1387359251.0
1387359384.0
1387359571.0
1387359632.0
1387359759.0
1387359759.0
1387359760.0
1387359760.0
1387359761.0
1387359761.0
1387359762.0
1387359762.0
1387359762.0
1387359763.0
1387359763.0
1387359764.0
1387359794.0
1387359841.0
1387360026.0
1387360285.0
1387360294.0
1387360295.0
1387360296.0
1387360296.0
1387360297.0
1387360297.0
1387360298.0
1387360298.0
1387360299.0
1387360300.0
1387360300.0
1387360306.0
1387360355.0
1387360566.0
1387360829.0
1387361128.0
1387361323.0
1387361351.0
1387361428.0
1387361529.0
1387361534.0
1387361682.0
1387361756.0
1387361839.0
1387361988.0
1387362109.0
1387362110.0
1387362168.0
1387362215.0
1387362320.0
1387362329.0
1387362361.0
1387362390.0
1387362456.0
1387362544.0
1387362591.0
1387362595.0
1387362640.0
1387362699.0
1387362700.0
1387362723.0
1387362769.0
1387362787.0
1387362930.0
1387362994.0
1387363088.0
1387363094.0
1387363119.0
1387363134.0
1387363139.0
1387363142.0
1387363148.0
1387363212.0
1387363231.0
1387363234.0
1387363242.0
1387363256.0
1387363256.0
1387363256.0
1387363265.0
1387363276.0
1387363283.0
1387363312.0
1387363363.0
1387363380.0
1387363395.0
1387363400.0
1387363406.0
1387363406.0
1387363408.0
1387363410.0
1387363438.0
1387363442.0
1387363443.0
1387363451.0
1387363455.0
1387363457.0
1387363472.0
1387363472.0
1387363475.0
1387363499.0
1387363504.0
1387363516.0
1387363534.0
1387363541.0
1387363541.0
1387363550.0
1387363559.0
1387363568.0
1387363596.0
1387363597.0
1387363611.0
1387363616.0
1387363617.0
1387363618.0
1387363620.0
1387363621.0
1387363627.0
1387363629.0
1387363636.0
1387363640.0
1387363645.0
1387363654.0
1387363655.0
1387363656.0
1387363666.0
1387363671.0
1387363673.0
1387363673.0
1387363675.0
1387363679.0
1387363686.0
1387363687.0
1387363691.0
1387363697.0
1387363699.0
1387363702.0
1387363706.0
1387363710.0
1387363712.0
1387363715.0
1387363717.0
1387363717.0
1387363737.0
1387363742.0
1387363748.0
1387363749.0
1387363749.0
1387363751.0
1387363752.0
1387363753.0
1387363753.0
1387363756.0
1387363782.0
1387363785.0
1387363789.0
1387363790.0
1387363804.0
1387363806.0
1387363811.0
1387363811.0
1387363819.0
1387363823.0
1387363825.0
1387363825.0
1387363837.0
1387363841.0
1387363855.0
1387363857.0
1387363858.0
1387363867.0
1387363868.0
1387363873.0
1387363874.0
1387363876.0
1387363880.0
1387363883.0
1387363884.0
1387363887.0
1387363894.0
1387363895.0
1387363901.0
1387363904.0
1387363906.0
1387363908.0
1387363909.0
1387363909.0
1387363910.0
1387363918.0
1387363920.0
1387363921.0
1387363927.0
1387363927.0
1387363930.0
1387363932.0
1387363935.0
1387363952.0
1387363958.0
1387363959.0
1387363959.0
1387363961.0
1387363966.0
1387363969.0
1387363970.0
1387363981.0
1387363983.0
1387363986.0
1387363988.0
1387363990.0
1387363993.0
1387363995.0
1387363999.0
1387363999.0
1387364004.0
1387364006.0
1387364014.0
1387364018.0
1387364019.0
1387364021.0
1387364021.0
1387364023.0
1387364023.0
1387364023.0
1387364024.0
1387364027.0
1387364033.0
1387364034.0
1387364034.0
1387364037.0
1387364042.0
1387364043.0
1387364058.0
1387364061.0
1387364066.0
1387364071.0
1387364077.0
1387364080.0
1387364083.0
1387364083.0
1387364087.0
1387364087.0
1387364091.0
1387364096.0
1387364097.0
1387364116.0
1387364120.0
1387364121.0
1387364121.0
1387364130.0
1387364154.0
1387364156.0
1387364161.0
1387364162.0
1387364162.0
1387364163.0
1387364164.0
1387364169.0
1387364170.0
1387364176.0
1387364194.0
1387364196.0
1387364198.0
1387364203.0
1387364209.0
1387364210.0
1387364214.0
1387364215.0
1387364217.0
1387364225.0
1387364225.0
1387364234.0
1387364235.0
1387364238.0
1387364240.0
1387364247.0
1387364251.0
1387364251.0
1387364257.0
1387364259.0
1387364263.0
1387364273.0
1387364279.0
1387364283.0
1387364285.0
1387364286.0
1387364286.0
1387364289.0
1387364291.0
1387364293.0
1387364294.0
1387364299.0
1387364303.0
1387364309.0
1387364310.0
1387364311.0
1387364313.0
1387364325.0
1387364328.0
1387364335.0
1387364342.0
1387364348.0
1387364354.0
1387364355.0
1387364356.0
1387364380.0
1387364381.0
1387364382.0
1387364383.0
1387364384.0
1387364388.0
1387364389.0
1387364393.0
1387364396.0
1387364397.0
1387364398.0
1387364400.0
1387364400.0
1387364402.0
1387364403.0
1387364404.0
1387364407.0
1387364408.0
1387364411.0
1387364412.0
1387364413.0
1387364414.0
1387364414.0
1387364417.0
1387364417.0
1387364417.0
1387364419.0
1387364420.0
1387364421.0
1387364425.0
1387364425.0
1387364426.0
1387364426.0
1387364427.0
1387364428.0
1387364429.0
1387364431.0
1387364440.0
1387364441.0
1387364451.0
1387364457.0
1387364459.0
1387364459.0
1387364462.0
1387364466.0
1387364472.0
1387364473.0
1387364475.0
1387364483.0
1387364486.0
1387364487.0
1387364487.0
1387364489.0
1387364495.0
1387364496.0
1387364498.0
1387364508.0
1387364514.0
1387364514.0
1387364523.0
1387364527.0
1387364527.0
1387364529.0
1387364530.0
1387364532.0
1387364538.0
1387364540.0
1387364541.0
1387364546.0
1387364570.0
1387364582.0
1387364583.0
1387364591.0
1387364595.0
1387364601.0
1387364608.0
1387364617.0
1387364618.0
1387364631.0
1387364635.0
1387364638.0
1387364648.0
1387364664.0
1387364667.0
1387364682.0
1387364683.0
1387364683.0
1387364690.0
1387364692.0
1387364699.0
1387364703.0
1387364704.0
1387364708.0
1387364709.0
1387364710.0
1387364720.0
1387364727.0
1387364730.0
1387364736.0
1387364738.0
1387364742.0
1387364745.0
1387364745.0
1387364749.0
1387364750.0
1387364752.0
1387364754.0
1387364755.0
1387364756.0
1387364758.0
1387364760.0
1387364762.0
1387364764.0
1387364764.0
1387364766.0
1387364768.0
1387364777.0
1387364790.0
1387364793.0
1387364799.0
1387364800.0
1387364807.0
1387364809.0
1387364815.0
1387364824.0
1387364843.0
1387364848.0
1387364849.0
1387364854.0
1387364854.0
1387364855.0
1387364855.0
1387364857.0
1387364857.0
1387364861.0
1387364870.0
1387364873.0
1387364876.0
1387364879.0
1387364881.0
1387364887.0
1387364888.0
1387364896.0
1387364900.0
1387364908.0
1387364914.0
1387364915.0
1387364923.0
1387364923.0
1387364927.0
1387364929.0
1387364933.0
1387364944.0
1387364946.0
1387364962.0
1387364964.0
1387364973.0
1387364974.0
1387364985.0
1387364985.0
1387364985.0
1387364986.0
1387364989.0
1387364991.0
1387364993.0
1387365005.0
1387365011.0
1387365012.0
1387365012.0
1387365013.0
1387365014.0
1387365019.0
1387365022.0
1387365026.0
1387365027.0
1387365029.0
1387365030.0
1387365033.0
1387365046.0
1387365050.0
1387365050.0
1387365051.0
1387365052.0
1387365054.0
1387365054.0
1387365073.0
1387365075.0
1387365077.0
1387365082.0
1387365083.0
1387365091.0
1387365092.0
1387365093.0
1387365101.0
1387365109.0
1387365113.0
1387365114.0
1387365116.0
1387365127.0
1387365132.0
1387365136.0
1387365140.0
1387365144.0
1387365149.0
1387365150.0
1387365150.0
1387365157.0
1387365160.0
1387365161.0
1387365161.0
1387365163.0
1387365166.0
1387365167.0
1387365168.0
1387365174.0
1387365176.0
1387365180.0
1387365180.0
1387365182.0
1387365186.0
1387365189.0
1387365190.0
1387365199.0
1387365203.0
1387365205.0
1387365212.0
1387365217.0
1387365219.0
1387365225.0
1387365231.0
1387365234.0
1387365236.0
1387365238.0
1387365238.0
1387365242.0
1387365242.0
1387365243.0
1387365246.0
1387365250.0
1387365251.0
1387365252.0
1387365253.0
1387365256.0
1387365263.0
1387365264.0
1387365265.0
1387365265.0
1387365266.0
1387365269.0
1387365271.0
1387365282.0
1387365301.0
1387365301.0
1387365301.0
1387365302.0
1387365308.0
1387365309.0
1387365309.0
1387365309.0
1387365311.0
1387365312.0
1387365313.0
1387365322.0
1387365322.0
1387365322.0
1387365327.0
1387365328.0
1387365329.0
1387365330.0
1387365331.0
1387365332.0
1387365345.0
1387365352.0
1387365355.0
1387365362.0
1387365362.0
1387365370.0
1387365372.0
1387365372.0
1387365377.0
1387365378.0
1387365380.0
1387365384.0
1387365387.0
1387365387.0
1387365389.0
1387365392.0
1387365399.0
1387365400.0
1387365400.0
1387365402.0
1387365403.0
1387365410.0
1387365412.0
1387365413.0
1387365419.0
1387365422.0
1387365425.0
1387365426.0
1387365426.0
1387365429.0
1387365433.0
1387365436.0
1387365444.0
1387365448.0
1387365450.0
1387365454.0
1387365457.0
1387365458.0
1387365475.0
1387365480.0
1387365480.0
1387365482.0
1387365482.0
1387365483.0
1387365487.0
1387365488.0
1387365495.0
1387365499.0
1387365507.0
1387365508.0
1387365508.0
1387365516.0
1387365518.0
1387365518.0
1387365524.0
1387365527.0
1387365528.0
1387365530.0
1387365536.0
1387365536.0
1387365537.0
1387365549.0
1387365552.0
1387365558.0
1387365562.0
1387365566.0
1387365566.0
1387365570.0
1387365575.0
1387365591.0
1387365594.0
1387365599.0
1387365607.0
1387365607.0
1387365626.0
1387365631.0
1387365638.0
1387365639.0
1387365640.0
1387365649.0
1387365649.0
1387365652.0
1387365665.0
1387365666.0
1387365673.0
1387365675.0
1387365679.0
1387365679.0
1387365694.0
1387365696.0
1387365701.0
1387365711.0
1387365714.0
1387365721.0
1387365730.0
1387365732.0
1387365737.0
1387365740.0
1387365741.0
1387365743.0
1387365743.0
1387365749.0
1387365752.0
1387365768.0
1387365792.0
1387365792.0
1387365796.0
1387365801.0
1387365806.0
1387365807.0
1387365814.0
1387365817.0
1387365821.0
1387365824.0
1387365840.0
1387365861.0
1387365867.0
1387365868.0
1387365890.0
1387365898.0
1387365908.0
1387365913.0
1387365913.0
1387365915.0
1387365915.0
1387365915.0
1387365916.0
1387365916.0
1387365919.0
1387365924.0
1387365924.0
1387365925.0
1387365941.0
1387365953.0
1387365954.0
1387365966.0
1387365966.0
1387365968.0
1387365972.0
1387365980.0
1387365990.0
1387365995.0
1387365996.0
1387366006.0
1387366012.0
1387366013.0
1387366025.0
1387366028.0
1387366029.0
1387366048.0
1387366051.0
1387366054.0
1387366062.0
1387366063.0
1387366072.0
1387366074.0
1387366078.0
1387366078.0
1387366084.0
1387366090.0
1387366096.0
1387366097.0
1387366099.0
1387366107.0
1387366109.0
1387366111.0
1387366113.0
1387366115.0
1387366116.0
1387366118.0
1387366123.0
1387366125.0
1387366127.0
1387366128.0
1387366132.0
1387366133.0
1387366134.0
1387366136.0
1387366138.0
1387366139.0
1387366144.0
1387366145.0
1387366149.0
1387366151.0
1387366158.0
1387366159.0
1387366167.0
1387366172.0
1387366173.0
1387366174.0
1387366174.0
1387366182.0
1387366184.0
1387366184.0
1387366185.0
1387366187.0
1387366193.0
1387366195.0
1387366196.0
1387366199.0
1387366201.0
1387366202.0
1387366207.0
1387366210.0
1387366211.0
1387366213.0
1387366218.0
1387366218.0
1387366220.0
1387366221.0
1387366226.0
1387366226.0
1387366226.0
1387366229.0
1387366232.0
1387366233.0
1387366233.0
1387366236.0
1387366238.0
1387366239.0
1387366239.0
1387366240.0
1387366243.0
1387366244.0
1387366244.0
1387366246.0
1387366246.0
1387366257.0
1387366259.0
1387366260.0
1387366260.0
1387366262.0
1387366268.0
1387366272.0
1387366277.0
1387366280.0
1387366280.0
1387366282.0
1387366284.0
1387366287.0
1387366291.0
1387366296.0
1387366299.0
1387366304.0
1387366305.0
1387366306.0
1387366307.0
1387366308.0
1387366313.0
1387366316.0
1387366317.0
1387366317.0
1387366318.0
1387366323.0
1387366325.0
1387366326.0
1387366328.0
1387366331.0
1387366333.0
1387366335.0
1387366337.0
1387366342.0
1387366348.0
1387366349.0
1387366350.0
1387366352.0
1387366353.0
1387366354.0
1387366356.0
1387366359.0
1387366359.0
1387366359.0
1387366362.0
1387366363.0
1387366364.0
1387366365.0
1387366369.0
1387366369.0
1387366369.0
1387366371.0
1387366371.0
1387366374.0
1387366375.0
1387366376.0
1387366379.0
1387366384.0
1387366385.0
1387366388.0
1387366394.0
1387366401.0
1387366401.0
1387366401.0
1387366401.0
1387366403.0
1387366404.0
1387366405.0
1387366405.0
1387366406.0
1387366406.0
1387366408.0
1387366408.0
1387366408.0
1387366410.0
1387366411.0
1387366412.0
1387366414.0
1387366416.0
1387366416.0
1387366418.0
1387366420.0
1387366422.0
1387366422.0
1387366424.0
1387366426.0
1387366428.0
1387366428.0
1387366442.0
1387366449.0
1387366456.0
1387366469.0
1387366473.0
1387366478.0
1387366484.0
1387366518.0
1387366518.0
1387366529.0
1387366542.0
1387366567.0
1387366589.0
1387366595.0
1387366621.0
1387366624.0
1387366644.0
1387366645.0
1387366650.0
1387366652.0
1387366663.0
1387366664.0
1387366669.0
1387366672.0
1387366672.0
1387366675.0
1387366676.0
1387366679.0
1387366680.0
1387366688.0
1387366689.0
1387366691.0
1387366692.0
1387366705.0
1387366705.0
1387366707.0
1387366722.0
1387366728.0
1387366735.0
1387366736.0
1387366744.0
1387366744.0
1387366744.0
1387366744.0
1387366747.0
1387366750.0
1387366754.0
1387366760.0
1387366762.0
1387366767.0
1387366773.0
1387366780.0
1387366780.0
1387366781.0
1387366783.0
1387366788.0
1387366788.0
1387366791.0
1387366794.0
1387366805.0
1387366805.0
1387366805.0
1387366806.0
1387366807.0
1387366813.0
1387366816.0
1387366817.0
1387366818.0
1387366822.0
1387366823.0
1387366824.0
1387366825.0
1387366828.0
1387366830.0
1387366830.0
1387366831.0
1387366834.0
1387366849.0
1387366849.0
1387366850.0
1387366858.0
1387366863.0
1387366869.0
1387366871.0
1387366871.0
1387366871.0
1387366878.0
1387366879.0
1387366880.0
1387366880.0
1387366886.0
1387366888.0
1387366892.0
1387366892.0
1387366894.0
1387366895.0
1387366896.0
1387366903.0
1387366911.0
1387366917.0
1387366922.0
1387366926.0
1387366931.0
1387366932.0
1387366936.0
1387366950.0
1387366951.0
1387366953.0
1387366955.0
1387366955.0
1387366960.0
1387366965.0
1387366969.0
1387366972.0
1387366972.0
1387366975.0
1387366981.0
1387366986.0
1387366987.0
1387366990.0
1387366993.0
1387367002.0
1387367004.0
1387367004.0
1387367004.0
1387367004.0
1387367005.0
1387367006.0
1387367006.0
1387367007.0
1387367008.0
1387367008.0
1387367009.0
1387367009.0
1387367009.0
1387367011.0
1387367011.0
1387367011.0
1387367011.0
1387367012.0
1387367013.0
1387367013.0
1387367013.0
1387367013.0
1387367014.0
1387367015.0
1387367015.0
1387367015.0
1387367016.0
1387367018.0
1387367023.0
1387367024.0
1387367026.0
1387367033.0
1387367037.0
1387367041.0
1387367045.0
1387367045.0
1387367048.0
1387367050.0
1387367051.0
1387367052.0
1387367055.0
1387367057.0
1387367058.0
1387367061.0
1387367061.0
1387367063.0
1387367067.0
1387367067.0
1387367072.0
1387367073.0
1387367075.0
1387367077.0
1387367078.0
1387367078.0
1387367081.0
1387367081.0
1387367084.0
1387367087.0
1387367087.0
1387367088.0
1387367095.0
1387367100.0
1387367106.0
1387367106.0
1387367109.0
1387367116.0
1387367120.0
1387367122.0
1387367123.0
1387367129.0
1387367130.0
1387367136.0
1387367137.0
1387367137.0
1387367138.0
1387367152.0
1387367152.0
1387367165.0
1387367165.0
1387367165.0
1387367168.0
1387367174.0
1387367178.0
1387367188.0
1387367188.0
1387367194.0
1387367194.0
1387367202.0
1387367209.0
1387367209.0
1387367211.0
1387367211.0
1387367218.0
1387367230.0
1387367232.0
1387367233.0
1387367240.0
1387367247.0
1387367248.0
1387367249.0
1387367257.0
1387367258.0
1387367261.0
1387367269.0
1387367270.0
1387367270.0
1387367272.0
1387367272.0
1387367281.0
1387367282.0
1387367283.0
1387367284.0
1387367285.0
1387367286.0
1387367288.0
1387367289.0
1387367290.0
1387367291.0
1387367291.0
1387367292.0
1387367292.0
1387367296.0
1387367300.0
1387367301.0
1387367301.0
1387367302.0
1387367302.0
1387367303.0
1387367303.0
1387367311.0
1387367314.0
1387367317.0
1387367318.0
1387367323.0
1387367325.0
1387367326.0
1387367326.0
1387367328.0
1387367328.0
1387367329.0
1387367330.0
1387367334.0
1387367335.0
1387367338.0
1387367341.0
1387367344.0
1387367345.0
1387367346.0
1387367355.0
1387367356.0
1387367359.0
1387367361.0
1387367363.0
1387367367.0
1387367367.0
1387367370.0
1387367374.0
1387367380.0
1387367382.0
1387367383.0
1387367390.0
1387367392.0
1387367396.0
1387367399.0
1387367405.0
1387367406.0
1387367406.0
1387367411.0
1387367411.0
1387367413.0
1387367417.0
1387367425.0
1387367430.0
1387367436.0
1387367437.0
1387367445.0
1387367451.0
1387367451.0
1387367453.0
1387367459.0
1387367469.0
1387367470.0
1387367482.0
1387367488.0
1387367498.0
1387367498.0
1387367498.0
1387367499.0
1387367499.0
1387367512.0
1387367515.0
1387367520.0
1387367523.0
1387367524.0
1387367525.0
1387367525.0
1387367531.0
1387367534.0
1387367539.0
1387367553.0
1387367553.0
1387367557.0
1387367561.0
1387367568.0
1387367574.0
1387367577.0
1387367591.0
1387367594.0
1387367595.0
1387367600.0
1387367606.0
1387367608.0
1387367619.0
1387367631.0
1387367637.0
1387367638.0
1387367641.0
1387367643.0
1387367647.0
1387367648.0
1387367650.0
1387367666.0
1387367670.0
1387367673.0
1387367678.0
1387367678.0
1387367682.0
1387367683.0
1387367686.0
1387367687.0
1387367689.0
1387367689.0
1387367694.0
1387367694.0
1387367708.0
1387367720.0
1387367724.0
1387367725.0
1387367726.0
1387367727.0
1387367728.0
1387367731.0
1387367741.0
1387367750.0
1387367750.0
1387367751.0
1387367752.0
1387367753.0
1387367753.0
1387367753.0
1387367757.0
1387367758.0
1387367760.0
1387367764.0
1387367766.0
1387367767.0
1387367771.0
1387367772.0
1387367773.0
1387367773.0
1387367776.0
1387367776.0
1387367777.0
1387367777.0
1387367784.0
1387367788.0
1387367791.0
1387367795.0
1387367798.0
1387367803.0
1387367805.0
1387367805.0
1387367812.0
1387367817.0
1387367821.0
1387367822.0
1387367825.0
1387367826.0
1387367828.0
1387367832.0
1387367840.0
1387367841.0
1387367842.0
1387367851.0
1387367851.0
1387367854.0
1387367855.0
1387367858.0
1387367861.0
1387367862.0
1387367864.0
1387367865.0
1387367867.0
1387367869.0
1387367874.0
1387367875.0
1387367885.0
1387367889.0
1387367890.0
1387367893.0
1387367896.0
1387367901.0
1387367902.0
1387367904.0
1387367909.0
1387367910.0
1387367920.0
1387367921.0
1387367922.0
1387367923.0
1387367923.0
1387367929.0
1387367939.0
1387367944.0
1387367948.0
1387367955.0
1387367962.0
1387367967.0
1387367967.0
1387367973.0
1387367978.0
1387367988.0
1387367989.0
1387367991.0
1387368003.0
1387368003.0
1387368005.0
1387368006.0
1387368007.0
1387368008.0
1387368008.0
1387368009.0
1387368010.0
1387368011.0
1387368019.0
1387368020.0
1387368020.0
1387368022.0
1387368023.0
1387368025.0
1387368026.0
1387368026.0
1387368026.0
1387368027.0
1387368031.0
1387368032.0
1387368033.0
1387368034.0
1387368035.0
1387368037.0
1387368040.0
1387368042.0
1387368045.0
1387368048.0
1387368050.0
1387368061.0
1387368063.0
1387368064.0
1387368070.0
1387368074.0
1387368080.0
1387368082.0
1387368086.0
1387368089.0
1387368092.0
1387368100.0
1387368103.0
1387368104.0
1387368106.0
1387368106.0
1387368109.0
1387368111.0
1387368111.0
1387368112.0
1387368113.0
1387368115.0
1387368121.0
1387368121.0
1387368126.0
1387368128.0
1387368132.0
1387368136.0
1387368137.0
1387368138.0
1387368139.0
1387368149.0
1387368151.0
1387368152.0
1387368156.0
1387368156.0
1387368157.0
1387368159.0
1387368159.0
1387368159.0
1387368161.0
1387368165.0
1387368167.0
1387368167.0
1387368175.0
1387368175.0
1387368177.0
1387368186.0
1387368189.0
1387368192.0
1387368200.0
1387368202.0
1387368206.0
1387368211.0
1387368224.0
1387368229.0
1387368236.0
1387368237.0
1387368247.0
1387368249.0
1387368257.0
1387368259.0
1387368262.0
1387368265.0
1387368268.0
1387368272.0
1387368275.0
1387368275.0
1387368278.0
1387368280.0
1387368297.0
1387368299.0
1387368305.0
1387368310.0
1387368311.0
1387368315.0
1387368315.0
1387368317.0
1387368317.0
1387368317.0
1387368319.0
1387368320.0
1387368320.0
1387368322.0
1387368323.0
1387368324.0
1387368329.0
1387368329.0
1387368329.0
1387368329.0
1387368330.0
1387368334.0
1387368342.0
1387368355.0
1387368360.0
1387368365.0
1387368366.0
1387368377.0
1387368384.0
1387368387.0
1387368390.0
1387368390.0
1387368391.0
1387368395.0
1387368401.0
1387368408.0
1387368419.0
1387368430.0
1387368432.0
1387368437.0
1387368444.0
1387368447.0
1387368447.0
1387368462.0
1387368465.0
1387368466.0
1387368466.0
1387368472.0
1387368475.0
1387368478.0
1387368478.0
1387368479.0
1387368480.0
1387368484.0
1387368484.0
1387368486.0
1387368488.0
1387368494.0
1387368496.0
1387368499.0
1387368500.0
1387368501.0
1387368504.0
1387368504.0
1387368505.0
1387368507.0
1387368507.0
1387368508.0
1387368510.0
1387368511.0
1387368513.0
1387368514.0
1387368516.0
1387368518.0
1387368519.0
1387368525.0
1387368530.0
1387368536.0
1387368540.0
1387368542.0
1387368547.0
1387368548.0
1387368551.0
1387368553.0
1387368558.0
1387368559.0
1387368564.0
1387368566.0
1387368570.0
1387368570.0
1387368582.0
1387368585.0
1387368594.0
1387368598.0
1387368600.0
1387368602.0
1387368606.0
1387368608.0
1387368609.0
1387368610.0
1387368610.0
1387368612.0
1387368615.0
1387368628.0
1387368631.0
1387368631.0
1387368633.0
1387368640.0
1387368642.0
1387368646.0
1387368662.0
1387368662.0
1387368662.0
1387368663.0
1387368663.0
1387368666.0
1387368670.0
1387368673.0
1387368683.0
1387368684.0
1387368685.0
1387368692.0
1387368695.0
1387368699.0
1387368703.0
1387368704.0
1387368708.0
1387368709.0
1387368719.0
1387368721.0
1387368724.0
1387368727.0
1387368727.0
1387368731.0
1387368733.0
1387368735.0
1387368738.0
1387368739.0
1387368739.0
1387368740.0
1387368741.0
1387368745.0
1387368755.0
1387368760.0
1387368763.0
1387368763.0
1387368763.0
1387368763.0
1387368767.0
1387368771.0
1387368773.0
1387368775.0
1387368775.0
1387368776.0
1387368779.0
1387368785.0
1387368786.0
1387368790.0
1387368790.0
1387368795.0
1387368798.0
1387368799.0
1387368800.0
1387368802.0
1387368804.0
1387368806.0
1387368817.0
1387368823.0
1387368823.0
1387368826.0
1387368832.0
1387368832.0
1387368832.0
1387368833.0
1387368833.0
1387368837.0
1387368842.0
1387368855.0
1387368856.0
1387368856.0
1387368860.0
1387368862.0
1387368865.0
1387368866.0
1387368868.0
1387368868.0
1387368873.0
1387368874.0
1387368880.0
1387368885.0
1387368890.0
1387368895.0
1387368898.0
1387368901.0
1387368907.0
1387368909.0
1387368910.0
1387368911.0
1387368920.0
1387368924.0
1387368925.0
1387368925.0
1387368926.0
1387368928.0
1387368929.0
1387368930.0
1387368933.0
1387368934.0
1387368934.0
1387368935.0
1387368940.0
1387368940.0
1387368944.0
1387368944.0
1387368946.0
1387368955.0
1387368958.0
1387368962.0
1387368964.0
1387368967.0
1387368968.0
1387368968.0
1387368973.0
1387368982.0
1387368982.0
1387368987.0
1387368987.0
1387368994.0
1387368997.0
1387369002.0
1387369003.0
1387369012.0
1387369015.0
1387369016.0
1387369032.0
1387369034.0
1387369035.0
1387369037.0
1387369041.0
1387369044.0
1387369046.0
1387369063.0
1387369064.0
1387369067.0
1387369073.0
1387369073.0
1387369081.0
1387369082.0
1387369085.0
1387369085.0
1387369089.0
1387369097.0
1387369105.0
1387369108.0
1387369112.0
1387369118.0
1387369130.0
1387369131.0
1387369134.0
1387369137.0
1387369138.0
1387369145.0
1387369149.0
1387369149.0
1387369152.0
1387369156.0
1387369167.0
1387369167.0
1387369172.0
1387369175.0
1387369175.0
1387369178.0
1387369188.0
1387369190.0
1387369190.0
1387369190.0
1387369196.0
1387369199.0
1387369201.0
1387369202.0
1387369204.0
1387369209.0
1387369210.0
1387369213.0
1387369221.0
1387369222.0
1387369224.0
1387369228.0
1387369238.0
1387369238.0
1387369244.0
1387369248.0
1387369249.0
1387369249.0
1387369254.0
1387369255.0
1387369256.0
1387369260.0
1387369269.0
1387369279.0
1387369282.0
1387369287.0
1387369291.0
1387369320.0
1387369321.0
1387369330.0
1387369332.0
1387369334.0
1387369340.0
1387369341.0
1387369345.0
1387369349.0
1387369350.0
1387369352.0
1387369362.0
1387369368.0
1387369369.0
1387369373.0
1387369375.0
1387369376.0
1387369376.0
1387369376.0
1387369376.0
1387369378.0
1387369382.0
1387369388.0
1387369407.0
1387369415.0
1387369419.0
1387369424.0
1387369426.0
1387369436.0
1387369437.0
1387369441.0
1387369443.0
1387369453.0
1387369460.0
1387369461.0
1387369465.0
1387369466.0
1387369468.0
1387369470.0
1387369472.0
1387369473.0
1387369474.0
1387369482.0
1387369496.0
1387369501.0
1387369501.0
1387369519.0
1387369524.0
1387369524.0
1387369525.0
1387369528.0
1387369543.0
1387369557.0
1387369558.0
1387369560.0
1387369568.0
1387369571.0
1387369592.0
1387369592.0
1387369602.0
1387369607.0
1387369608.0
1387369609.0
1387369615.0
1387369618.0
1387369628.0
1387369634.0
1387369637.0
1387369656.0
1387369658.0
1387369659.0
1387369660.0
1387369669.0
1387369673.0
1387369673.0
1387369677.0
1387369679.0
1387369680.0
1387369690.0
1387369696.0
1387369700.0
1387369702.0
1387369702.0
1387369704.0
1387369706.0
1387369710.0
1387369712.0
1387369715.0
1387369719.0
1387369720.0
1387369721.0
1387369722.0
1387369728.0
1387369728.0
1387369728.0
1387369735.0
1387369740.0
1387369742.0
1387369744.0
1387369745.0
1387369746.0
1387369748.0
1387369751.0
1387369759.0
1387369764.0
1387369767.0
1387369767.0
1387369774.0
1387369780.0
1387369782.0
1387369782.0
1387369788.0
1387369789.0
1387369801.0
1387369803.0
1387369804.0
1387369805.0
1387369809.0
1387369809.0
1387369811.0
1387369813.0
1387369826.0
1387369830.0
1387369831.0
1387369831.0
1387369832.0
1387369832.0
1387369832.0
1387369833.0
1387369834.0
1387369836.0
1387369837.0
1387369838.0
1387369838.0
1387369846.0
1387369847.0
1387369848.0
1387369849.0
1387369851.0
1387369853.0
1387369854.0
1387369855.0
1387369856.0
1387369863.0
1387369867.0
1387369871.0
1387369873.0
1387369877.0
1387369878.0
1387369882.0
1387369888.0
1387369888.0
1387369897.0
1387369899.0
1387369901.0
1387369906.0
1387369907.0
1387369915.0
1387369925.0
1387369934.0
1387369938.0
1387369946.0
1387369950.0
1387369951.0
1387369959.0
1387369959.0
1387369959.0
1387369961.0
1387369965.0
1387369968.0
1387369973.0
1387369978.0
1387369990.0
1387369999.0
1387370002.0
1387370003.0
1387370004.0
1387370010.0
1387370011.0
1387370015.0
1387370016.0
1387370021.0
1387370021.0
1387370022.0
1387370023.0
1387370026.0
1387370030.0
1387370030.0
1387370034.0
1387370034.0
1387370036.0
1387370039.0
1387370055.0
1387370055.0
1387370065.0
1387370079.0
1387370087.0
1387370088.0
1387370094.0
1387370094.0
1387370095.0
1387370097.0
1387370101.0
1387370106.0
1387370107.0
1387370108.0
1387370113.0
1387370120.0
1387370121.0
1387370126.0
1387370129.0
1387370130.0
1387370132.0
1387370135.0
1387370135.0
1387370138.0
1387370141.0
1387370142.0
1387370142.0
1387370142.0
1387370144.0
1387370146.0
1387370146.0
1387370147.0
1387370147.0
1387370150.0
1387370158.0
1387370159.0
1387370161.0
1387370163.0
1387370163.0
1387370163.0
1387370164.0
1387370168.0
1387370169.0
1387370180.0
1387370181.0
1387370186.0
1387370191.0
1387370197.0
1387370209.0
1387370212.0
1387370215.0
1387370224.0
1387370226.0
1387370229.0
1387370232.0
1387370233.0
1387370234.0
1387370246.0
1387370255.0
1387370255.0
1387370257.0
1387370258.0
1387370264.0
1387370265.0
1387370268.0
1387370269.0
1387370270.0
1387370270.0
1387370273.0
1387370276.0
1387370290.0
1387370291.0
1387370292.0
1387370294.0
1387370302.0
1387370307.0
1387370308.0
1387370308.0
1387370310.0
1387370316.0
1387370318.0
1387370319.0
1387370321.0
1387370321.0
1387370326.0
1387370331.0
1387370331.0
1387370338.0
1387370343.0
1387370344.0
1387370350.0
1387370351.0
1387370355.0
1387370362.0
1387370364.0
1387370365.0
1387370365.0
1387370369.0
1387370372.0
1387370377.0
1387370378.0
1387370380.0
1387370380.0
1387370380.0
1387370384.0
1387370386.0
1387370387.0
1387370389.0
1387370392.0
1387370396.0
1387370397.0
1387370400.0
1387370403.0
1387370407.0
1387370412.0
1387370414.0
1387370417.0
1387370419.0
1387370421.0
1387370422.0
1387370427.0
1387370429.0
1387370436.0
1387370436.0
1387370436.0
1387370451.0
1387370454.0
1387370455.0
1387370455.0
1387370456.0
1387370457.0
1387370466.0
1387370467.0
1387370469.0
1387370469.0
1387370473.0
1387370473.0
1387370476.0
1387370480.0
1387370485.0
1387370495.0
1387370498.0
1387370506.0
1387370507.0
1387370509.0
1387370511.0
1387370512.0
1387370518.0
1387370519.0
1387370520.0
1387370525.0
1387370526.0
1387370527.0
1387370528.0
1387370531.0
1387370537.0
1387370537.0
1387370542.0
1387370542.0
1387370547.0
1387370547.0
1387370548.0
1387370557.0
1387370558.0
1387370558.0
1387370562.0
1387370562.0
1387370570.0
1387370577.0
1387370577.0
1387370580.0
1387370580.0
1387370588.0
1387370588.0
1387370596.0
1387370603.0
1387370608.0
1387370616.0
1387370617.0
1387370619.0
1387370619.0
1387370619.0
1387370625.0
1387370633.0
1387370634.0
1387370641.0
1387370647.0
1387370648.0
1387370648.0
1387370650.0
1387370653.0
1387370656.0
1387370656.0
1387370661.0
1387370662.0
1387370662.0
1387370678.0
1387370678.0
1387370688.0
1387370688.0
1387370689.0
1387370696.0
1387370699.0
1387370700.0
1387370703.0
1387370705.0
1387370711.0
1387370715.0
1387370719.0
1387370721.0
1387370721.0
1387370723.0
1387370729.0
1387370729.0
1387370729.0
1387370733.0
1387370734.0
1387370735.0
1387370741.0
1387370742.0
1387370742.0
1387370744.0
1387370751.0
1387370752.0
1387370752.0
1387370754.0
1387370754.0
1387370758.0
1387370762.0
1387370768.0
1387370769.0
1387370769.0
1387370773.0
1387370773.0
1387370778.0
1387370783.0
1387370787.0
1387370787.0
1387370800.0
1387370802.0
1387370807.0
1387370808.0
1387370810.0
1387370810.0
1387370812.0
1387370817.0
1387370817.0
1387370821.0
1387370822.0
1387370831.0
1387370831.0
1387370835.0
1387370837.0
1387370838.0
1387370839.0
1387370839.0
1387370841.0
1387370848.0
1387370854.0
1387370862.0
1387370867.0
1387370870.0
1387370874.0
1387370877.0
1387370878.0
1387370881.0
1387370881.0
1387370881.0
1387370882.0
1387370883.0
1387370886.0
1387370887.0
1387370890.0
1387370890.0
1387370896.0
1387370900.0
1387370905.0
1387370913.0
1387370913.0
1387370918.0
1387370919.0
1387370920.0
1387370920.0
1387370927.0
1387370928.0
1387370929.0
1387370930.0
1387370932.0
1387370937.0
1387370946.0
1387370950.0
1387370952.0
1387370954.0
1387370955.0
1387370967.0
1387370968.0
1387370975.0
1387370980.0
1387370981.0
1387370985.0
1387370987.0
1387370990.0
1387370995.0
1387371001.0
1387371002.0
1387371008.0
1387371008.0
1387371009.0
1387371011.0
1387371011.0
1387371013.0
1387371021.0
1387371022.0
1387371022.0
1387371023.0
1387371026.0
1387371028.0
1387371029.0
1387371030.0
1387371035.0
1387371035.0
1387371037.0
1387371037.0
1387371041.0
1387371041.0
1387371043.0
1387371044.0
1387371044.0
1387371047.0
1387371047.0
1387371050.0
1387371051.0
1387371051.0
1387371052.0
1387371055.0
1387371057.0
1387371057.0
1387371058.0
1387371058.0
1387371060.0
1387371062.0
1387371063.0
1387371066.0
1387371068.0
1387371068.0
1387371069.0
1387371071.0
1387371076.0
1387371077.0
1387371080.0
1387371084.0
1387371087.0
1387371087.0
1387371088.0
1387371089.0
1387371089.0
1387371090.0
1387371092.0
1387371101.0
1387371103.0
1387371133.0
1387371143.0
1387371168.0
1387371174.0
1387371183.0
1387371196.0
1387371207.0
1387371214.0
1387371216.0
1387371217.0
1387371235.0
1387371237.0
1387371238.0
1387371239.0
1387371256.0
1387371258.0
1387371260.0
1387371261.0
1387371264.0
1387371265.0
1387371270.0
1387371275.0
1387371276.0
1387371289.0
1387371294.0
1387371295.0
1387371302.0
1387371302.0
1387371314.0
1387371336.0
1387371338.0
1387371341.0
1387371345.0
1387371348.0
1387371351.0
1387371364.0
1387371365.0
1387371378.0
1387371379.0
1387371385.0
1387371386.0
1387371388.0
1387371399.0
1387371404.0
1387371419.0
1387371419.0
1387371422.0
1387371425.0
1387371426.0
1387371431.0
1387371433.0
1387371438.0
1387371441.0
1387371446.0
1387371448.0
1387371450.0
1387371451.0
1387371451.0
1387371452.0
1387371452.0
1387371454.0
1387371463.0
1387371465.0
1387371466.0
1387371472.0
1387371473.0
1387371474.0
1387371474.0
1387371476.0
1387371479.0
1387371486.0
1387371490.0
1387371495.0
1387371501.0
1387371501.0
1387371502.0
1387371514.0
1387371516.0
1387371524.0
1387371529.0
1387371533.0
1387371533.0
1387371536.0
1387371538.0
1387371538.0
1387371539.0
1387371540.0
1387371543.0
1387371543.0
1387371549.0
1387371556.0
1387371557.0
1387371559.0
1387371561.0
1387371566.0
1387371566.0
1387371566.0
1387371578.0
1387371579.0
1387371581.0
1387371583.0
1387371589.0
1387371590.0
1387371593.0
1387371596.0
1387371599.0
1387371600.0
1387371600.0
1387371600.0
1387371602.0
1387371607.0
1387371607.0
1387371609.0
1387371623.0
1387371624.0
1387371626.0
1387371628.0
1387371636.0
1387371636.0
1387371639.0
1387371641.0
1387371641.0
1387371642.0
1387371646.0
1387371648.0
1387371656.0
1387371657.0
1387371658.0
1387371661.0
1387371663.0
1387371665.0
1387371668.0
1387371678.0
1387371680.0
1387371680.0
1387371681.0
1387371687.0
1387371690.0
1387371697.0
1387371698.0
1387371699.0
1387371700.0
1387371701.0
1387371705.0
1387371706.0
1387371706.0
1387371713.0
1387371714.0
1387371715.0
1387371715.0
1387371718.0
1387371720.0
1387371720.0
1387371722.0
1387371723.0
1387371729.0
1387371732.0
1387371735.0
1387371737.0
1387371738.0
1387371739.0
1387371743.0
1387371749.0
1387371751.0
1387371755.0
1387371763.0
1387371764.0
1387371767.0
1387371767.0
1387371767.0
1387371770.0
1387371771.0
1387371774.0
1387371774.0
1387371779.0
1387371781.0
1387371781.0
1387371783.0
1387371790.0
1387371792.0
1387371795.0
1387371798.0
1387371800.0
1387371802.0
1387371804.0
1387371806.0
1387371806.0
1387371807.0
1387371811.0
1387371813.0
1387371814.0
1387371818.0
1387371821.0
1387371824.0
1387371827.0
1387371834.0
1387371835.0
1387371837.0
1387371837.0
1387371838.0
1387371840.0
1387371844.0
1387371845.0
1387371846.0
1387371847.0
1387371854.0
1387371854.0
1387371856.0
1387371858.0
1387371870.0
1387371874.0
1387371875.0
1387371876.0
1387371876.0
1387371879.0
1387371882.0
1387371887.0
1387371891.0
1387371892.0
1387371892.0
1387371900.0
1387371902.0
1387371903.0
1387371903.0
1387371903.0
1387371906.0
1387371907.0
1387371913.0
1387371914.0
1387371916.0
1387371918.0
1387371918.0
1387371919.0
1387371921.0
1387371925.0
1387371931.0
1387371931.0
1387371932.0
1387371937.0
1387371940.0
1387371941.0
1387371943.0
1387371954.0
1387371955.0
1387371956.0
1387371958.0
1387371958.0
1387371958.0
1387371958.0
1387371959.0
1387371963.0
1387371966.0
1387371967.0
1387371971.0
1387371973.0
1387371977.0
1387371980.0
1387371985.0
1387371985.0
1387371986.0
1387371992.0
1387371992.0
1387371999.0
1387372005.0
1387372005.0
1387372007.0
1387372010.0
1387372019.0
1387372025.0
1387372027.0
1387372036.0
1387372042.0
1387372052.0
1387372060.0
1387372064.0
1387372067.0
1387372074.0
1387372075.0
1387372078.0
1387372080.0
1387372087.0
1387372106.0
1387372110.0
1387372110.0
1387372111.0
1387372111.0
1387372112.0
1387372112.0
1387372113.0
1387372113.0
1387372114.0
1387372116.0
1387372117.0
1387372120.0
1387372128.0
1387372130.0
1387372145.0
1387372145.0
1387372155.0
1387372163.0
1387372166.0
1387372176.0
1387372177.0
1387372200.0
1387372206.0
1387372216.0
1387372221.0
1387372230.0
1387372235.0
1387372236.0
1387372236.0
1387372240.0
1387372242.0
1387372248.0
1387372256.0
1387372258.0
1387372261.0
1387372289.0
1387372290.0
1387372291.0
1387372292.0
1387372295.0
1387372297.0
1387372305.0
1387372307.0
1387372309.0
1387372310.0
1387372311.0
1387372315.0
1387372315.0
1387372316.0
1387372318.0
1387372327.0
1387372333.0
1387372334.0
1387372338.0
1387372340.0
1387372347.0
1387372348.0
1387372350.0
1387372350.0
1387372356.0
1387372360.0
1387372361.0
1387372362.0
1387372366.0
1387372375.0
1387372378.0
1387372380.0
1387372386.0
1387372391.0
1387372395.0
1387372397.0
1387372401.0
1387372404.0
1387372410.0
1387372411.0
1387372417.0
1387372419.0
1387372421.0
1387372425.0
1387372425.0
1387372428.0
1387372433.0
1387372439.0
1387372451.0
1387372452.0
1387372453.0
1387372454.0
1387372456.0
1387372467.0
1387372469.0
1387372483.0
1387372494.0
1387372498.0
1387372499.0
1387372502.0
1387372503.0
1387372503.0
1387372506.0
1387372507.0
1387372508.0
1387372510.0
1387372510.0
1387372517.0
1387372519.0
1387372519.0
1387372519.0
1387372525.0
1387372529.0
1387372531.0
1387372538.0
1387372538.0
1387372541.0
1387372542.0
1387372548.0
1387372550.0
1387372552.0
1387372553.0
1387372555.0
1387372555.0
1387372567.0
1387372567.0
1387372571.0
1387372573.0
1387372576.0
1387372576.0
1387372577.0
1387372583.0
1387372583.0
1387372584.0
1387372587.0
1387372587.0
1387372590.0
1387372594.0
1387372598.0
1387372608.0
1387372616.0
1387372618.0
1387372618.0
1387372624.0
1387372625.0
1387372627.0
1387372631.0
1387372640.0
1387372641.0
1387372652.0
1387372653.0
1387372658.0
1387372659.0
1387372664.0
1387372667.0
1387372670.0
1387372672.0
1387372674.0
1387372675.0
1387372675.0
1387372677.0
1387372678.0
1387372678.0
1387372680.0
1387372680.0
1387372682.0
1387372683.0
1387372686.0
1387372686.0
1387372690.0
1387372692.0
1387372695.0
1387372696.0
1387372698.0
1387372699.0
1387372701.0
1387372703.0
1387372703.0
1387372704.0
1387372705.0
1387372706.0
1387372707.0
1387372709.0
1387372712.0
1387372716.0
1387372717.0
1387372717.0
1387372718.0
1387372738.0
1387372740.0
1387372742.0
1387372748.0
1387372754.0
1387372754.0
1387372756.0
1387372759.0
1387372765.0
1387372766.0
1387372769.0
1387372772.0
1387372778.0
1387372778.0
1387372779.0
1387372780.0
1387372783.0
1387372784.0
1387372787.0
1387372788.0
1387372788.0
1387372788.0
1387372789.0
1387372791.0
1387372792.0
1387372794.0
1387372799.0
1387372799.0
1387372800.0
1387372802.0
1387372802.0
1387372803.0
1387372805.0
1387372813.0
1387372814.0
1387372816.0
1387372818.0
1387372824.0
1387372826.0
1387372828.0
1387372831.0
1387372832.0
1387372836.0
1387372837.0
1387372837.0
1387372840.0
1387372841.0
1387372842.0
1387372843.0
1387372844.0
1387372845.0
1387372846.0
1387372856.0
1387372857.0
1387372859.0
1387372860.0
1387372868.0
1387372879.0
1387372880.0
1387372880.0
1387372881.0
1387372881.0
1387372882.0
1387372884.0
1387372886.0
1387372889.0
1387372890.0
1387372890.0
1387372891.0
1387372893.0
1387372893.0
1387372896.0
1387372897.0
1387372900.0
1387372902.0
1387372907.0
1387372907.0
1387372915.0
1387372916.0
1387372920.0
1387372922.0
1387372923.0
1387372923.0
1387372924.0
1387372928.0
1387372930.0
1387372931.0
1387372931.0
1387372932.0
1387372933.0
1387372934.0
1387372934.0
1387372937.0
1387372942.0
1387372950.0
1387372957.0
1387372962.0
1387372967.0
1387372969.0
1387372973.0
1387372974.0
1387372976.0
1387372997.0
1387373002.0
1387373002.0
1387373012.0
1387373013.0
1387373020.0
1387373028.0
1387373042.0
1387373049.0
1387373053.0
1387373053.0
1387373064.0
1387373071.0
1387373079.0
1387373094.0
1387373098.0
1387373100.0
1387373104.0
1387373113.0
1387373121.0
1387373148.0
1387373149.0
1387373150.0
1387373155.0
1387373156.0
1387373167.0
1387373176.0
1387373178.0
1387373183.0
1387373184.0
1387373190.0
1387373194.0
1387373198.0
1387373200.0
1387373209.0
1387373212.0
1387373212.0
1387373212.0
1387373216.0
1387373218.0
1387373221.0
1387373224.0
1387373225.0
1387373227.0
1387373229.0
1387373229.0
1387373232.0
1387373233.0
1387373236.0
1387373243.0
1387373244.0
1387373247.0
1387373247.0
1387373250.0
1387373251.0
1387373252.0
1387373254.0
1387373254.0
1387373255.0
1387373256.0
1387373258.0
1387373259.0
1387373266.0
1387373270.0
1387373281.0
1387373287.0
1387373288.0
1387373289.0
1387373291.0
1387373297.0
1387373300.0
1387373305.0
1387373305.0
1387373305.0
1387373308.0
1387373310.0
1387373315.0
1387373319.0
1387373321.0
1387373322.0
1387373322.0
1387373323.0
1387373324.0
1387373324.0
1387373324.0
1387373324.0
1387373329.0
1387373329.0
1387373340.0
1387373342.0
1387373343.0
1387373343.0
1387373345.0
1387373347.0
1387373347.0
1387373348.0
1387373349.0
1387373357.0
1387373358.0
1387373358.0
1387373363.0
1387373365.0
1387373374.0
1387373375.0
1387373376.0
1387373379.0
1387373380.0
1387373382.0
1387373384.0
1387373388.0
1387373392.0
1387373396.0
1387373396.0
1387373397.0
1387373397.0
1387373400.0
1387373403.0
1387373409.0
1387373413.0
1387373415.0
1387373416.0
1387373419.0
1387373419.0
1387373420.0
1387373420.0
1387373423.0
1387373424.0
1387373424.0
1387373424.0
1387373424.0
1387373426.0
1387373431.0
1387373431.0
1387373434.0
1387373435.0
1387373436.0
1387373441.0
1387373442.0
1387373444.0
1387373446.0
1387373453.0
1387373454.0
1387373456.0
1387373458.0
1387373459.0
1387373461.0
1387373462.0
1387373462.0
1387373465.0
1387373465.0
1387373465.0
1387373468.0
1387373472.0
1387373473.0
1387373475.0
1387373477.0
1387373480.0
1387373483.0
1387373492.0
1387373493.0
1387373493.0
1387373504.0
1387373507.0
1387373512.0
1387373513.0
1387373514.0
1387373515.0
1387373517.0
1387373520.0
1387373520.0
1387373524.0
1387373526.0
1387373526.0
1387373529.0
1387373530.0
1387373530.0
1387373531.0
1387373534.0
1387373535.0
1387373536.0
1387373537.0
1387373538.0
1387373539.0
1387373540.0
1387373547.0
1387373548.0
1387373550.0
1387373552.0
1387373553.0
1387373553.0
1387373554.0
1387373556.0
1387373560.0
1387373560.0
1387373564.0
1387373565.0
1387373570.0
1387373573.0
1387373580.0
1387373583.0
1387373590.0
1387373592.0
1387373597.0
1387373597.0
1387373599.0
1387373601.0
1387373604.0
1387373604.0
1387373606.0
1387373610.0
1387373611.0
1387373612.0
1387373614.0
1387373618.0
1387373620.0
1387373621.0
1387373623.0
1387373623.0
1387373627.0
1387373632.0
1387373635.0
1387373637.0
1387373639.0
1387373639.0
1387373640.0
1387373645.0
1387373645.0
1387373646.0
1387373646.0
1387373646.0
1387373647.0
1387373647.0
1387373651.0
1387373653.0
1387373654.0
1387373654.0
1387373656.0
1387373660.0
1387373667.0
1387373667.0
1387373669.0
1387373671.0
1387373672.0
1387373683.0
1387373684.0
1387373687.0
1387373691.0
1387373702.0
1387373703.0
1387373706.0
1387373707.0
1387373713.0
1387373717.0
1387373720.0
1387373721.0
1387373725.0
1387373729.0
1387373731.0
1387373734.0
1387373738.0
1387373739.0
1387373743.0
1387373753.0
1387373756.0
1387373758.0
1387373760.0
1387373761.0
1387373762.0
1387373764.0
1387373766.0
1387373768.0
1387373773.0
1387373774.0
1387373775.0
1387373776.0
1387373782.0
1387373785.0
1387373788.0
1387373791.0
1387373791.0
1387373792.0
1387373793.0
1387373798.0
1387373799.0
1387373799.0
1387373801.0
1387373805.0
1387373805.0
1387373808.0
1387373809.0
1387373811.0
1387373815.0
1387373821.0
1387373822.0
1387373830.0
1387373833.0
1387373844.0
1387373844.0
1387373845.0
1387373850.0
1387373850.0
1387373851.0
1387373863.0
1387373868.0
1387373870.0
1387373881.0
1387373896.0
1387373897.0
1387373900.0
1387373903.0
1387373918.0
1387373918.0
1387373931.0
1387373932.0
1387373936.0
1387373936.0
1387373939.0
1387373985.0
1387373996.0
1387374014.0
1387374024.0
1387374030.0
1387374034.0
1387374035.0
1387374036.0
1387374041.0
1387374052.0
1387374062.0
1387374064.0
1387374066.0
1387374067.0
1387374067.0
1387374068.0
1387374072.0
1387374100.0
1387374101.0
1387374103.0
1387374107.0
1387374107.0
1387374129.0
1387374129.0
1387374134.0
1387374146.0
1387374149.0
1387374150.0
1387374155.0
1387374160.0
1387374167.0
1387374177.0
1387374187.0
1387374188.0
1387374199.0
1387374205.0
1387374207.0
1387374207.0
1387374208.0
1387374216.0
1387374217.0
1387374218.0
1387374222.0
1387374222.0
1387374224.0
1387374231.0
1387374231.0
1387374232.0
1387374240.0
1387374240.0
1387374242.0
1387374242.0
1387374243.0
1387374257.0
1387374262.0
1387374271.0
1387374274.0
1387374281.0
1387374303.0
1387374303.0
1387374305.0
1387374305.0
1387374307.0
1387374307.0
1387374307.0
1387374309.0
1387374310.0
1387374310.0
1387374315.0
1387374318.0
1387374318.0
1387374319.0
1387374324.0
1387374324.0
1387374326.0
1387374330.0
1387374333.0
1387374336.0
1387374338.0
1387374344.0
1387374346.0
1387374349.0
1387374352.0
1387374355.0
1387374359.0
1387374361.0
1387374361.0
1387374362.0
1387374367.0
1387374370.0
1387374377.0
1387374377.0
1387374382.0
1387374382.0
1387374383.0
1387374384.0
1387374388.0
1387374389.0
1387374393.0
1387374394.0
1387374395.0
1387374396.0
1387374396.0
1387374396.0
1387374398.0
1387374399.0
1387374401.0
1387374403.0
1387374409.0
1387374411.0
1387374412.0
1387374414.0
1387374416.0
1387374418.0
1387374418.0
1387374422.0
1387374424.0
1387374425.0
1387374425.0
1387374425.0
1387374428.0
1387374428.0
1387374429.0
1387374433.0
1387374435.0
1387374439.0
1387374440.0
1387374445.0
1387374445.0
1387374446.0
1387374455.0
1387374457.0
1387374459.0
1387374462.0
1387374467.0
1387374469.0
1387374469.0
1387374471.0
1387374471.0
1387374472.0
1387374473.0
1387374473.0
1387374473.0
1387374476.0
1387374477.0
1387374478.0
1387374481.0
1387374482.0
1387374483.0
1387374485.0
1387374489.0
1387374490.0
1387374491.0
1387374492.0
1387374493.0
1387374497.0
1387374497.0
1387374498.0
1387374500.0
1387374500.0
1387374509.0
1387374510.0
1387374511.0
1387374511.0
1387374512.0
1387374513.0
1387374515.0
1387374517.0
1387374518.0
1387374529.0
1387374530.0
1387374531.0
1387374534.0
1387374536.0
1387374536.0
1387374540.0
1387374545.0
1387374547.0
1387374547.0
1387374555.0
1387374556.0
1387374559.0
1387374561.0
1387374564.0
1387374567.0
1387374571.0
1387374579.0
1387374580.0
1387374581.0
1387374590.0
1387374590.0
1387374592.0
1387374597.0
1387374603.0
1387374604.0
1387374605.0
1387374611.0
1387374612.0
1387374612.0
1387374613.0
1387374615.0
1387374616.0
1387374618.0
1387374618.0
1387374619.0
1387374622.0
1387374626.0
1387374627.0
1387374629.0
1387374632.0
1387374634.0
1387374636.0
1387374636.0
1387374638.0
1387374644.0
1387374646.0
1387374652.0
1387374652.0
1387374653.0
1387374658.0
1387374659.0
1387374660.0
1387374661.0
1387374666.0
1387374667.0
1387374669.0
1387374669.0
1387374670.0
1387374675.0
1387374677.0
1387374678.0
1387374678.0
1387374679.0
1387374683.0
1387374684.0
1387374691.0
1387374693.0
1387374697.0
1387374699.0
1387374700.0
1387374705.0
1387374716.0
1387374719.0
1387374727.0
1387374730.0
1387374731.0
1387374732.0
1387374732.0
1387374734.0
1387374737.0
1387374742.0
1387374744.0
1387374746.0
1387374747.0
1387374748.0
1387374754.0
1387374755.0
1387374757.0
1387374760.0
1387374762.0
1387374764.0
1387374765.0
1387374769.0
1387374771.0
1387374772.0
1387374772.0
1387374776.0
1387374777.0
1387374784.0
1387374785.0
1387374786.0
1387374789.0
1387374791.0
1387374797.0
1387374812.0
1387374813.0
1387374824.0
1387374827.0
1387374833.0
1387374845.0
1387374846.0
1387374854.0
1387374867.0
1387374883.0
1387374887.0
1387374888.0
1387374902.0
1387374908.0
1387374910.0
1387374931.0
1387374960.0
1387374967.0
1387374969.0
1387374985.0
1387374987.0
1387374990.0
1387374999.0
1387375000.0
1387375004.0
1387375004.0
1387375013.0
1387375015.0
1387375024.0
1387375025.0
1387375053.0
1387375061.0
1387375072.0
1387375077.0
1387375091.0
1387375092.0
1387375095.0
1387375108.0
1387375115.0
1387375136.0
1387375146.0
1387375149.0
1387375161.0
1387375169.0
1387375170.0
1387375170.0
1387375170.0
1387375174.0
1387375182.0
1387375186.0
1387375196.0
1387375199.0
1387375201.0
1387375202.0
1387375202.0
1387375203.0
1387375203.0
1387375205.0
1387375205.0
1387375206.0
1387375207.0
1387375209.0
1387375209.0
1387375211.0
1387375211.0
1387375214.0
1387375216.0
1387375216.0
1387375217.0
1387375222.0
1387375223.0
1387375225.0
1387375226.0
1387375229.0
1387375231.0
1387375231.0
1387375231.0
1387375234.0
1387375237.0
1387375239.0
1387375239.0
1387375239.0
1387375241.0
1387375242.0
1387375243.0
1387375244.0
1387375245.0
1387375248.0
1387375252.0
1387375253.0
1387375261.0
1387375263.0
1387375264.0
1387375264.0
1387375265.0
1387375267.0
1387375269.0
1387375271.0
1387375271.0
1387375271.0
1387375276.0
1387375278.0
1387375278.0
1387375279.0
1387375281.0
1387375283.0
1387375283.0
1387375285.0
1387375287.0
1387375289.0
1387375290.0
1387375293.0
1387375294.0
1387375298.0
1387375299.0
1387375303.0
1387375306.0
1387375311.0
1387375312.0
1387375315.0
1387375316.0
1387375316.0
1387375318.0
1387375320.0
1387375325.0
1387375328.0
1387375333.0
1387375333.0
1387375335.0
1387375339.0
1387375344.0
1387375347.0
1387375352.0
1387375356.0
1387375358.0
1387375358.0
1387375360.0
1387375361.0
1387375363.0
1387375363.0
1387375370.0
1387375371.0
1387375371.0
1387375371.0
1387375377.0
1387375384.0
1387375385.0
1387375386.0
1387375390.0
1387375399.0
1387375399.0
1387375403.0
1387375405.0
1387375407.0
1387375408.0
1387375413.0
1387375416.0
1387375417.0
1387375423.0
1387375423.0
1387375430.0
1387375431.0
1387375432.0
1387375432.0
1387375434.0
1387375435.0
1387375438.0
1387375446.0
1387375447.0
1387375451.0
1387375451.0
1387375457.0
1387375458.0
1387375458.0
1387375460.0
1387375461.0
1387375466.0
1387375466.0
1387375469.0
1387375471.0
1387375473.0
1387375475.0
1387375475.0
1387375478.0
1387375479.0
1387375479.0
1387375483.0
1387375484.0
1387375491.0
1387375497.0
1387375497.0
1387375497.0
1387375498.0
1387375499.0
1387375500.0
1387375504.0
1387375506.0
1387375509.0
1387375509.0
1387375509.0
1387375512.0
1387375515.0
1387375516.0
1387375520.0
1387375521.0
1387375523.0
1387375524.0
1387375527.0
1387375529.0
1387375530.0
1387375533.0
1387375533.0
1387375534.0
1387375535.0
1387375536.0
1387375538.0
1387375539.0
1387375541.0
1387375544.0
1387375544.0
1387375545.0
1387375546.0
1387375546.0
1387375549.0
1387375552.0
1387375552.0
1387375554.0
1387375555.0
1387375556.0
1387375557.0
1387375558.0
1387375561.0
1387375564.0
1387375565.0
1387375566.0
1387375568.0
1387375570.0
1387375573.0
1387375573.0
1387375575.0
1387375575.0
1387375575.0
1387375580.0
1387375581.0
1387375582.0
1387375582.0
1387375585.0
1387375586.0
1387375587.0
1387375588.0
1387375592.0
1387375595.0
1387375598.0
1387375603.0
1387375606.0
1387375615.0
1387375617.0
1387375620.0
1387375621.0
1387375623.0
1387375625.0
1387375626.0
1387375628.0
1387375635.0
1387375641.0
1387375645.0
1387375647.0
1387375648.0
1387375650.0
1387375652.0
1387375657.0
1387375658.0
1387375660.0
1387375660.0
1387375661.0
1387375663.0
1387375663.0
1387375665.0
1387375665.0
1387375670.0
1387375671.0
1387375674.0
1387375674.0
1387375675.0
1387375680.0
1387375685.0
1387375687.0
1387375689.0
1387375689.0
1387375693.0
1387375696.0
1387375697.0
1387375699.0
1387375699.0
1387375700.0
1387375701.0
1387375703.0
1387375704.0
1387375707.0
1387375708.0
1387375712.0
1387375712.0
1387375735.0
1387375736.0
1387375747.0
1387375784.0
1387375787.0
1387375791.0
1387375799.0
1387375815.0
1387375837.0
1387375844.0
1387375855.0
1387375855.0
1387375859.0
1387375862.0
1387375870.0
1387375872.0
1387375879.0
1387375882.0
1387375883.0
1387375886.0
1387375890.0
1387375913.0
1387375921.0
1387375922.0
1387375948.0
1387375954.0
1387375978.0
1387375979.0
1387375982.0
1387375990.0
1387375990.0
1387375993.0
1387375995.0
1387375997.0
1387376001.0
1387376001.0
1387376005.0
1387376009.0
1387376019.0
1387376020.0
1387376021.0
1387376024.0
1387376029.0
1387376032.0
1387376037.0
1387376037.0
1387376038.0
1387376040.0
1387376048.0
1387376049.0
1387376050.0
1387376061.0
1387376067.0
1387376069.0
1387376072.0
1387376077.0
1387376079.0
1387376088.0
1387376089.0
1387376093.0
1387376098.0
1387376102.0
1387376105.0
1387376105.0
1387376106.0
1387376107.0
1387376109.0
1387376111.0
1387376111.0
1387376114.0
1387376114.0
1387376117.0
1387376117.0
1387376121.0
1387376125.0
1387376125.0
1387376128.0
1387376131.0
1387376132.0
1387376141.0
1387376141.0
1387376146.0
1387376147.0
1387376153.0
1387376155.0
1387376157.0
1387376159.0
1387376159.0
1387376163.0
1387376166.0
1387376168.0
1387376169.0
1387376172.0
1387376180.0
1387376181.0
1387376182.0
1387376182.0
1387376187.0
1387376195.0
1387376198.0
1387376206.0
1387376210.0
1387376212.0
1387376213.0
1387376213.0
1387376215.0
1387376216.0
1387376218.0
1387376220.0
1387376220.0
1387376226.0
1387376226.0
1387376229.0
1387376239.0
1387376240.0
1387376247.0
1387376263.0
1387376263.0
1387376263.0
1387376264.0
1387376265.0
1387376265.0
1387376268.0
1387376268.0
1387376269.0
1387376274.0
1387376275.0
1387376276.0
1387376281.0
1387376281.0
1387376282.0
1387376283.0
1387376284.0
1387376284.0
1387376285.0
1387376290.0
1387376292.0
1387376296.0
1387376296.0
1387376299.0
1387376299.0
1387376302.0
1387376302.0
1387376303.0
1387376308.0
1387376309.0
1387376310.0
1387376317.0
1387376319.0
1387376322.0
1387376323.0
1387376324.0
1387376325.0
1387376326.0
1387376326.0
1387376327.0
1387376328.0
1387376328.0
1387376329.0
1387376332.0
1387376332.0
1387376336.0
1387376337.0
1387376339.0
1387376341.0
1387376341.0
1387376347.0
1387376355.0
1387376356.0
1387376356.0
1387376357.0
1387376358.0
1387376358.0
1387376361.0
1387376364.0
1387376365.0
1387376367.0
1387376371.0
1387376372.0
1387376373.0
1387376375.0
1387376377.0
1387376377.0
1387376378.0
1387376382.0
1387376384.0
1387376384.0
1387376391.0
1387376395.0
1387376395.0
1387376401.0
1387376405.0
1387376408.0
1387376408.0
1387376408.0
1387376408.0
1387376410.0
1387376412.0
1387376412.0
1387376414.0
1387376415.0
1387376423.0
1387376423.0
1387376426.0
1387376428.0
1387376434.0
1387376436.0
1387376437.0
1387376441.0
1387376444.0
1387376445.0
1387376447.0
1387376451.0
1387376451.0
1387376453.0
1387376456.0
1387376461.0
1387376462.0
1387376464.0
1387376464.0
1387376466.0
1387376469.0
1387376472.0
1387376484.0
1387376486.0
1387376492.0
1387376493.0
1387376494.0
1387376497.0
1387376498.0
1387376499.0
1387376499.0
1387376499.0
1387376504.0
1387376506.0
1387376508.0
1387376513.0
1387376516.0
1387376517.0
1387376518.0
1387376520.0
1387376521.0
1387376526.0
1387376527.0
1387376528.0
1387376529.0
1387376531.0
1387376533.0
1387376537.0
1387376538.0
1387376540.0
1387376542.0
1387376542.0
1387376543.0
1387376543.0
1387376547.0
1387376548.0
1387376553.0
1387376554.0
1387376556.0
1387376557.0
1387376564.0
1387376569.0
1387376570.0
1387376571.0
1387376572.0
1387376572.0
1387376574.0
1387376578.0
1387376583.0
1387376585.0
1387376588.0
1387376589.0
1387376589.0
1387376590.0
1387376591.0
1387376594.0
1387376596.0
1387376596.0
1387376598.0
1387376598.0
1387376600.0
1387376603.0
1387376604.0
1387376605.0
1387376605.0
1387376607.0
1387376607.0
1387376609.0
1387376609.0
1387376611.0
1387376614.0
1387376614.0
1387376616.0
1387376617.0
1387376618.0
1387376620.0
1387376621.0
1387376622.0
1387376624.0
1387376624.0
1387376624.0
1387376626.0
1387376628.0
1387376628.0
1387376631.0
1387376632.0
1387376635.0
1387376636.0
1387376638.0
1387376640.0
1387376645.0
1387376648.0
1387376648.0
1387376656.0
1387376674.0
1387376686.0
1387376693.0
1387376693.0
1387376695.0
1387376735.0
1387376743.0
1387376744.0
1387376747.0
1387376756.0
1387376764.0
1387376776.0
1387376778.0
1387376779.0
1387376788.0
1387376799.0
1387376802.0
1387376806.0
1387376820.0
1387376830.0
1387376832.0
1387376836.0
1387376836.0
1387376849.0
1387376859.0
1387376862.0
1387376862.0
1387376863.0
1387376865.0
1387376871.0
1387376882.0
1387376889.0
1387376899.0
1387376900.0
1387376911.0
1387376915.0
1387376930.0
1387376930.0
1387376937.0
1387376940.0
1387376944.0
1387376962.0
1387376965.0
1387376965.0
1387376965.0
1387376966.0
1387376968.0
1387376979.0
1387376982.0
1387376984.0
1387376987.0
1387376988.0
1387376995.0
1387376995.0
1387376995.0
1387377000.0
1387377003.0
1387377012.0
1387377012.0
1387377013.0
1387377015.0
1387377027.0
1387377031.0
1387377034.0
1387377042.0
1387377043.0
1387377044.0
1387377046.0
1387377047.0
1387377049.0
1387377049.0
1387377053.0
1387377056.0
1387377057.0
1387377072.0
1387377075.0
1387377083.0
1387377092.0
1387377096.0
1387377097.0
1387377099.0
1387377100.0
1387377106.0
1387377107.0
1387377110.0
1387377111.0
1387377113.0
1387377113.0
1387377115.0
1387377117.0
1387377118.0
1387377120.0
1387377121.0
1387377122.0
1387377124.0
1387377126.0
1387377126.0
1387377128.0
1387377129.0
1387377129.0
1387377133.0
1387377135.0
1387377140.0
1387377140.0
1387377141.0
1387377142.0
1387377142.0
1387377144.0
1387377144.0
1387377149.0
1387377149.0
1387377152.0
1387377155.0
1387377158.0
1387377162.0
1387377162.0
1387377164.0
1387377165.0
1387377167.0
1387377169.0
1387377170.0
1387377171.0
1387377172.0
1387377173.0
1387377174.0
1387377179.0
1387377180.0
1387377181.0
1387377183.0
1387377185.0
1387377185.0
1387377188.0
1387377189.0
1387377191.0
1387377195.0
1387377196.0
1387377198.0
1387377207.0
1387377207.0
1387377207.0
1387377210.0
1387377212.0
1387377217.0
1387377219.0
1387377222.0
1387377222.0
1387377222.0
1387377222.0
1387377224.0
1387377224.0
1387377228.0
1387377228.0
1387377228.0
1387377228.0
1387377229.0
1387377229.0
1387377230.0
1387377230.0
1387377232.0
1387377238.0
1387377239.0
1387377239.0
1387377239.0
1387377240.0
1387377240.0
1387377243.0
1387377246.0
1387377247.0
1387377248.0
1387377249.0
1387377252.0
1387377253.0
1387377256.0
1387377258.0
1387377265.0
1387377269.0
1387377270.0
1387377273.0
1387377275.0
1387377278.0
1387377279.0
1387377279.0
1387377279.0
1387377281.0
1387377281.0
1387377285.0
1387377288.0
1387377289.0
1387377292.0
1387377293.0
1387377295.0
1387377296.0
1387377303.0
1387377307.0
1387377307.0
1387377307.0
1387377316.0
1387377317.0
1387377319.0
1387377319.0
1387377320.0
1387377324.0
1387377327.0
1387377327.0
1387377329.0
1387377330.0
1387377331.0
1387377336.0
1387377338.0
1387377343.0
1387377346.0
1387377346.0
1387377346.0
1387377349.0
1387377353.0
1387377354.0
1387377356.0
1387377363.0
1387377364.0
1387377364.0
1387377364.0
1387377365.0
1387377365.0
1387377365.0
1387377367.0
1387377368.0
1387377369.0
1387377369.0
1387377369.0
1387377370.0
1387377371.0
1387377372.0
1387377372.0
1387377373.0
1387377373.0
1387377374.0
1387377375.0
1387377376.0
1387377378.0
1387377380.0
1387377384.0
1387377384.0
1387377385.0
1387377390.0
1387377390.0
1387377393.0
1387377397.0
1387377397.0
1387377397.0
1387377402.0
1387377403.0
1387377404.0
1387377405.0
1387377409.0
1387377411.0
1387377416.0
1387377416.0
1387377418.0
1387377419.0
1387377424.0
1387377425.0
1387377429.0
1387377430.0
1387377435.0
1387377436.0
1387377441.0
1387377443.0
1387377445.0
1387377448.0
1387377453.0
1387377453.0
1387377455.0
1387377455.0
1387377455.0
1387377456.0
1387377457.0
1387377458.0
1387377458.0
1387377461.0
1387377463.0
1387377463.0
1387377464.0
1387377465.0
1387377465.0
1387377467.0
1387377470.0
1387377471.0
1387377473.0
1387377474.0
1387377474.0
1387377475.0
1387377475.0
1387377475.0
1387377475.0
1387377477.0
1387377477.0
1387377480.0
1387377481.0
1387377485.0
1387377485.0
1387377486.0
1387377488.0
1387377489.0
1387377490.0
1387377492.0
1387377492.0
1387377494.0
1387377494.0
1387377495.0
1387377498.0
1387377499.0
1387377499.0
1387377499.0
1387377499.0
1387377499.0
1387377501.0
1387377502.0
1387377504.0
1387377504.0
1387377505.0
1387377506.0
1387377506.0
1387377506.0
1387377506.0
1387377508.0
1387377511.0
1387377511.0
1387377512.0
1387377513.0
1387377513.0
1387377513.0
1387377514.0
1387377515.0
1387377522.0
1387377524.0
1387377526.0
1387377527.0
1387377528.0
1387377528.0
1387377530.0
1387377530.0
1387377531.0
1387377533.0
1387377535.0
1387377537.0
1387377538.0
1387377538.0
1387377538.0
1387377539.0
1387377540.0
1387377540.0
1387377540.0
1387377541.0
1387377542.0
1387377543.0
1387377546.0
1387377547.0
1387377547.0
1387377549.0
1387377550.0
1387377550.0
1387377551.0
1387377551.0
1387377552.0
1387377553.0
1387377553.0
1387377555.0
1387377556.0
1387377556.0
1387377556.0
1387377558.0
1387377559.0
1387377561.0
1387377563.0
1387377567.0
1387377581.0
1387377670.0
1387377674.0
1387377689.0
1387377693.0
1387377693.0
1387377708.0
1387377710.0
1387377715.0
1387377717.0
1387377719.0
1387377722.0
1387377751.0
1387377755.0
1387377756.0
1387377765.0
1387377781.0
1387377782.0
1387377782.0
1387377793.0
1387377793.0
1387377796.0
1387377801.0
1387377827.0
1387377836.0
1387377847.0
1387377848.0
1387377849.0
1387377849.0
1387377861.0
1387377862.0
1387377871.0
1387377877.0
1387377878.0
1387377881.0
1387377896.0
1387377899.0
1387377905.0
1387377913.0
1387377920.0
1387377924.0
1387377932.0
1387377941.0
1387377943.0
1387377958.0
1387377959.0
1387377959.0
1387377963.0
1387377968.0
1387377977.0
1387377998.0
1387378000.0
1387378009.0
1387378014.0
1387378017.0
1387378018.0
1387378020.0
1387378020.0
1387378024.0
1387378025.0
1387378026.0
1387378029.0
1387378033.0
1387378033.0
1387378034.0
1387378038.0
1387378041.0
1387378041.0
1387378041.0
1387378044.0
1387378046.0
1387378047.0
1387378048.0
1387378048.0
1387378050.0
1387378053.0
1387378058.0
1387378064.0
1387378069.0
1387378074.0
1387378074.0
1387378077.0
1387378079.0
1387378081.0
1387378083.0
1387378084.0
1387378086.0
1387378087.0
1387378096.0
1387378097.0
1387378102.0
1387378102.0
1387378104.0
1387378104.0
1387378105.0
1387378106.0
1387378108.0
1387378109.0
1387378111.0
1387378112.0
1387378115.0
1387378116.0
1387378118.0
1387378118.0
1387378123.0
1387378125.0
1387378127.0
1387378129.0
1387378130.0
1387378131.0
1387378132.0
1387378134.0
1387378138.0
1387378138.0
1387378138.0
1387378140.0
1387378140.0
1387378140.0
1387378142.0
1387378144.0
1387378147.0
1387378148.0
1387378155.0
1387378160.0
1387378161.0
1387378162.0
1387378164.0
1387378167.0
1387378169.0
1387378169.0
1387378171.0
1387378175.0
1387378176.0
1387378181.0
1387378187.0
1387378196.0
1387378197.0
1387378199.0
1387378202.0
1387378204.0
1387378207.0
1387378209.0
1387378210.0
1387378211.0
1387378213.0
1387378214.0
1387378215.0
1387378218.0
1387378221.0
1387378221.0
1387378222.0
1387378241.0
1387378242.0
1387378242.0
1387378242.0
1387378243.0
1387378244.0
1387378246.0
1387378246.0
1387378247.0
1387378248.0
1387378248.0
1387378253.0
1387378253.0
1387378253.0
1387378253.0
1387378254.0
1387378254.0
1387378256.0
1387378257.0
1387378257.0
1387378257.0
1387378257.0
1387378257.0
1387378258.0
1387378259.0
1387378261.0
1387378263.0
1387378265.0
1387378267.0
1387378268.0
1387378269.0
1387378270.0
1387378270.0
1387378271.0
1387378272.0
1387378274.0
1387378278.0
1387378280.0
1387378280.0
1387378281.0
1387378283.0
1387378283.0
1387378285.0
1387378285.0
1387378286.0
1387378286.0
1387378287.0
1387378288.0
1387378291.0
1387378292.0
1387378293.0
1387378295.0
1387378299.0
1387378300.0
1387378301.0
1387378301.0
1387378301.0
1387378302.0
1387378302.0
1387378302.0
1387378302.0
1387378302.0
1387378304.0
1387378306.0
1387378307.0
1387378309.0
1387378309.0
1387378310.0
1387378311.0
1387378311.0
1387378312.0
1387378315.0
1387378315.0
1387378318.0
1387378319.0
1387378319.0
1387378320.0
1387378322.0
1387378322.0
1387378322.0
1387378324.0
1387378326.0
1387378327.0
1387378328.0
1387378330.0
1387378332.0
1387378332.0
1387378332.0
1387378333.0
1387378335.0
1387378337.0
1387378337.0
1387378337.0
1387378338.0
1387378338.0
1387378338.0
1387378341.0
1387378345.0
1387378345.0
1387378346.0
1387378346.0
1387378350.0
1387378351.0
1387378355.0
1387378355.0
1387378356.0
1387378357.0
1387378357.0
1387378358.0
1387378360.0
1387378361.0
1387378361.0
1387378364.0
1387378365.0
1387378365.0
1387378365.0
1387378366.0
1387378367.0
1387378367.0
1387378369.0
1387378370.0
1387378371.0
1387378371.0
1387378372.0
1387378373.0
1387378373.0
1387378374.0
1387378374.0
1387378374.0
1387378375.0
1387378375.0
1387378378.0
1387378380.0
1387378380.0
1387378380.0
1387378381.0
1387378382.0
1387378383.0
1387378385.0
1387378386.0
1387378387.0
1387378388.0
1387378388.0
1387378389.0
1387378389.0
1387378390.0
1387378391.0
1387378392.0
1387378392.0
1387378396.0
1387378396.0
1387378398.0
1387378400.0
1387378403.0
1387378404.0
1387378405.0
1387378406.0
1387378406.0
1387378406.0
1387378408.0
1387378408.0
1387378408.0
1387378408.0
1387378409.0
1387378409.0
1387378410.0
1387378410.0
1387378412.0
1387378412.0
1387378414.0
1387378414.0
1387378419.0
1387378419.0
1387378421.0
1387378422.0
1387378427.0
1387378427.0
1387378428.0
1387378429.0
1387378432.0
1387378432.0
1387378433.0
1387378434.0
1387378434.0
1387378435.0
1387378435.0
1387378438.0
1387378439.0
1387378439.0
1387378439.0
1387378439.0
1387378442.0
1387378442.0
1387378443.0
1387378444.0
1387378444.0
1387378444.0
1387378445.0
1387378445.0
1387378450.0
1387378452.0
1387378455.0
1387378456.0
1387378457.0
1387378459.0
1387378459.0
1387378460.0
1387378460.0
1387378461.0
1387378462.0
1387378463.0
1387378464.0
1387378464.0
1387378464.0
1387378466.0
1387378469.0
1387378470.0
1387378470.0
1387378471.0
1387378472.0
1387378473.0
1387378475.0
1387378475.0
1387378477.0
1387378478.0
1387378479.0
1387378480.0
1387378481.0
1387378482.0
1387378483.0
1387378484.0
1387378492.0
1387378562.0
1387378574.0
1387378607.0
1387378616.0
1387378625.0
1387378626.0
1387378636.0
1387378646.0
1387378649.0
1387378656.0
1387378657.0
1387378665.0
1387378671.0
1387378676.0
1387378676.0
1387378679.0
1387378681.0
1387378685.0
1387378693.0
1387378697.0
1387378700.0
1387378708.0
1387378723.0
1387378725.0
1387378725.0
1387378726.0
1387378727.0
1387378730.0
1387378738.0
1387378742.0
1387378742.0
1387378744.0
1387378763.0
1387378774.0
1387378775.0
1387378802.0
1387378809.0
1387378809.0
1387378814.0
1387378815.0
1387378817.0
1387378819.0
1387378820.0
1387378822.0
1387378828.0
1387378831.0
1387378833.0
1387378835.0
1387378836.0
1387378836.0
1387378838.0
1387378839.0
1387378841.0
1387378842.0
1387378843.0
1387378843.0
1387378844.0
1387378845.0
1387378845.0
1387378846.0
1387378847.0
1387378850.0
1387378852.0
1387378855.0
1387378857.0
1387378858.0
1387378864.0
1387378866.0
1387378866.0
1387378873.0
1387378877.0
1387378885.0
1387378887.0
1387378887.0
1387378890.0
1387378891.0
1387378892.0
1387378894.0
1387378902.0
1387378905.0
1387378910.0
1387378913.0
1387378920.0
1387378920.0
1387378921.0
1387378924.0
1387378924.0
1387378924.0
1387378926.0
1387378926.0
1387378927.0
1387378932.0
1387378932.0
1387378932.0
1387378941.0
1387378945.0
1387378948.0
1387378949.0
1387378954.0
1387378959.0
1387378960.0
1387378966.0
1387378970.0
1387378971.0
1387378973.0
1387378974.0
1387378978.0
1387378982.0
1387378982.0
1387378983.0
1387378984.0
1387378989.0
1387378989.0
1387378994.0
1387379001.0
1387379003.0
1387379004.0
1387379004.0
1387379007.0
1387379007.0
1387379008.0
1387379015.0
1387379019.0
1387379023.0
1387379028.0
1387379029.0
1387379030.0
1387379030.0
1387379031.0
1387379032.0
1387379034.0
1387379042.0
1387379043.0
1387379055.0
1387379057.0
1387379062.0
1387379069.0
1387379075.0
1387379075.0
1387379077.0
1387379079.0
1387379079.0
1387379079.0
1387379081.0
1387379081.0
1387379082.0
1387379082.0
1387379085.0
1387379087.0
1387379087.0
1387379087.0
1387379088.0
1387379089.0
1387379092.0
1387379094.0
1387379096.0
1387379100.0
1387379101.0
1387379101.0
1387379101.0
1387379102.0
1387379102.0
1387379102.0
1387379103.0
1387379104.0
1387379106.0
1387379106.0
1387379106.0
1387379110.0
1387379113.0
1387379118.0
1387379118.0
1387379119.0
1387379119.0
1387379120.0
1387379124.0
1387379124.0
1387379127.0
1387379131.0
1387379132.0
1387379134.0
1387379135.0
1387379136.0
1387379137.0
1387379137.0
1387379140.0
1387379146.0
1387379147.0
1387379149.0
1387379152.0
1387379153.0
1387379154.0
1387379157.0
1387379163.0
1387379163.0
1387379166.0
1387379167.0
1387379169.0
1387379169.0
1387379169.0
1387379174.0
1387379174.0
1387379174.0
1387379175.0
1387379176.0
1387379176.0
1387379177.0
1387379178.0
1387379178.0
1387379179.0
1387379180.0
1387379181.0
1387379182.0
1387379185.0
1387379187.0
1387379188.0
1387379188.0
1387379188.0
1387379189.0
1387379190.0
1387379191.0
1387379191.0
1387379193.0
1387379194.0
1387379195.0
1387379196.0
1387379199.0
1387379199.0
1387379200.0
1387379200.0
1387379201.0
1387379203.0
1387379205.0
1387379207.0
1387379207.0
1387379209.0
1387379211.0
1387379212.0
1387379214.0
1387379214.0
1387379214.0
1387379215.0
1387379215.0
1387379216.0
1387379216.0
1387379218.0
1387379219.0
1387379222.0
1387379222.0
1387379223.0
1387379223.0
1387379224.0
1387379225.0
1387379227.0
1387379227.0
1387379228.0
1387379231.0
1387379233.0
1387379234.0
1387379237.0
1387379240.0
1387379240.0
1387379241.0
1387379244.0
1387379244.0
1387379245.0
1387379247.0
1387379249.0
1387379250.0
1387379250.0
1387379251.0
1387379253.0
1387379256.0
1387379262.0
1387379264.0
1387379264.0
1387379266.0
1387379266.0
1387379269.0
1387379272.0
1387379274.0
1387379277.0
1387379278.0
1387379279.0
1387379281.0
1387379281.0
1387379284.0
1387379285.0
1387379285.0
1387379286.0
1387379287.0
1387379289.0
1387379290.0
1387379290.0
1387379290.0
1387379291.0
1387379292.0
1387379292.0
1387379294.0
1387379295.0
1387379295.0
1387379299.0
1387379299.0
1387379300.0
1387379301.0
1387379302.0
1387379303.0
1387379306.0
1387379306.0
1387379308.0
1387379308.0
1387379309.0
1387379309.0
1387379310.0
1387379310.0
1387379311.0
1387379312.0
1387379312.0
1387379313.0
1387379314.0
1387379314.0
1387379315.0
1387379316.0
1387379316.0
1387379316.0
1387379317.0
1387379317.0
1387379318.0
1387379318.0
1387379321.0
1387379323.0
1387379325.0
1387379327.0
1387379327.0
1387379327.0
1387379329.0
1387379330.0
1387379332.0
1387379333.0
1387379334.0
1387379334.0
1387379336.0
1387379337.0
1387379337.0
1387379337.0
1387379339.0
1387379341.0
1387379343.0
1387379343.0
1387379346.0
1387379347.0
1387379347.0
1387379348.0
1387379348.0
1387379351.0
1387379352.0
1387379353.0
1387379353.0
1387379354.0
1387379355.0
1387379355.0
1387379361.0
1387379362.0
1387379362.0
1387379364.0
1387379364.0
1387379366.0
1387379367.0
1387379368.0
1387379369.0
1387379370.0
1387379371.0
1387379372.0
1387379374.0
1387379375.0
1387379380.0
1387379381.0
1387379382.0
1387379384.0
1387379384.0
1387379384.0
1387379384.0
1387379385.0
1387379385.0
1387379385.0
1387379386.0
1387379386.0
1387379386.0
1387379387.0
1387379387.0
1387379387.0
1387379388.0
1387379389.0
1387379390.0
1387379390.0
1387379390.0
1387379390.0
1387379391.0
1387379391.0
1387379391.0
1387379391.0
1387379391.0
1387379392.0
1387379392.0
1387379392.0
1387379393.0
1387379394.0
1387379394.0
1387379395.0
1387379396.0
1387379397.0
1387379397.0
1387379398.0
1387379398.0
1387379399.0
1387379400.0
1387379401.0
1387379403.0
1387379404.0
1387379407.0
1387379409.0
1387379411.0
1387379451.0
1387379480.0
1387379482.0
1387379485.0
1387379488.0
1387379493.0
1387379495.0
1387379497.0
1387379499.0
1387379500.0
1387379501.0
1387379502.0
1387379504.0
1387379505.0
1387379512.0
1387379524.0
1387379542.0
1387379561.0
1387379562.0
1387379563.0
1387379572.0
1387379593.0
1387379619.0
1387379620.0
1387379620.0
1387379625.0
1387379626.0
1387379628.0
1387379630.0
1387379637.0
1387379639.0
1387379642.0
1387379644.0
1387379650.0
1387379653.0
1387379653.0
1387379657.0
1387379658.0
1387379661.0
1387379662.0
1387379664.0
1387379665.0
1387379672.0
1387379672.0
1387379674.0
1387379676.0
1387379681.0
1387379689.0
1387379692.0
1387379695.0
1387379702.0
1387379702.0
1387379703.0
1387379706.0
1387379706.0
1387379707.0
1387379708.0
1387379712.0
1387379716.0
1387379717.0
1387379717.0
1387379717.0
1387379723.0
1387379725.0
1387379726.0
1387379727.0
1387379728.0
1387379730.0
1387379733.0
1387379733.0
1387379733.0
1387379740.0
1387379743.0
1387379746.0
1387379746.0
1387379753.0
1387379771.0
1387379775.0
1387379776.0
1387379780.0
1387379784.0
1387379784.0
1387379785.0
1387379786.0
1387379787.0
1387379788.0
1387379795.0
1387379796.0
1387379796.0
1387379798.0
1387379798.0
1387379801.0
1387379804.0
1387379805.0
1387379811.0
1387379816.0
1387379825.0
1387379834.0
1387379839.0
1387379845.0
1387379853.0
1387379854.0
1387379861.0
1387379875.0
1387379876.0
1387379879.0
1387379880.0
1387379884.0
1387379884.0
1387379885.0
1387379889.0
1387379889.0
1387379892.0
1387379893.0
1387379894.0
1387379898.0
1387379898.0
1387379899.0
1387379900.0
1387379900.0
1387379900.0
1387379901.0
1387379902.0
1387379903.0
1387379906.0
1387379908.0
1387379909.0
1387379912.0
1387379914.0
1387379916.0
1387379918.0
1387379918.0
1387379920.0
1387379921.0
1387379926.0
1387379932.0
1387379932.0
1387379933.0
1387379936.0
1387379939.0
1387379940.0
1387379946.0
1387379947.0
1387379949.0
1387379954.0
1387379954.0
1387379956.0
1387379957.0
1387379959.0
1387379962.0
1387379964.0
1387379964.0
1387379966.0
1387379967.0
1387379969.0
1387379971.0
1387379974.0
1387379976.0
1387379976.0
1387379977.0
1387379979.0
1387379981.0
1387379984.0
1387379985.0
1387379988.0
1387379989.0
1387379990.0
1387379990.0
1387379991.0
1387379991.0
1387380001.0
1387380002.0
1387380002.0
1387380002.0
1387380007.0
1387380008.0
1387380012.0
1387380014.0
1387380015.0
1387380016.0
1387380019.0
1387380020.0
1387380026.0
1387380027.0
1387380033.0
1387380035.0
1387380036.0
1387380038.0
1387380042.0
1387380042.0
1387380049.0
1387380051.0
1387380052.0
1387380057.0
1387380061.0
1387380061.0
1387380061.0
1387380063.0
1387380063.0
1387380063.0
1387380064.0
1387380065.0
1387380065.0
1387380065.0
1387380065.0
1387380066.0
1387380066.0
1387380067.0
1387380069.0
1387380069.0
1387380072.0
1387380073.0
1387380073.0
1387380077.0
1387380077.0
1387380080.0
1387380081.0
1387380081.0
1387380087.0
1387380087.0
1387380089.0
1387380090.0
1387380091.0
1387380092.0
1387380092.0
1387380093.0
1387380096.0
1387380097.0
1387380098.0
1387380098.0
1387380101.0
1387380101.0
1387380102.0
1387380102.0
1387380102.0
1387380105.0
1387380105.0
1387380105.0
1387380106.0
1387380107.0
1387380108.0
1387380111.0
1387380114.0
1387380114.0
1387380115.0
1387380116.0
1387380116.0
1387380117.0
1387380117.0
1387380118.0
1387380119.0
1387380121.0
1387380122.0
1387380123.0
1387380126.0
1387380128.0
1387380128.0
1387380130.0
1387380130.0
1387380132.0
1387380135.0
1387380135.0
1387380136.0
1387380137.0
1387380139.0
1387380140.0
1387380141.0
1387380144.0
1387380145.0
1387380146.0
1387380148.0
1387380148.0
1387380149.0
1387380150.0
1387380150.0
1387380151.0
1387380151.0
1387380153.0
1387380156.0
1387380156.0
1387380156.0
1387380158.0
1387380161.0
1387380162.0
1387380163.0
1387380164.0
1387380164.0
1387380165.0
1387380168.0
1387380170.0
1387380171.0
1387380171.0
1387380171.0
1387380171.0
1387380179.0
1387380180.0
1387380182.0
1387380182.0
1387380183.0
1387380183.0
1387380186.0
1387380187.0
1387380190.0
1387380192.0
1387380193.0
1387380195.0
1387380197.0
1387380198.0
1387380199.0
1387380200.0
1387380202.0
1387380203.0
1387380204.0
1387380204.0
1387380205.0
1387380205.0
1387380206.0
1387380209.0
1387380210.0
1387380212.0
1387380212.0
1387380213.0
1387380213.0
1387380213.0
1387380213.0
1387380214.0
1387380214.0
1387380215.0
1387380215.0
1387380215.0
1387380216.0
1387380216.0
1387380218.0
1387380218.0
1387380219.0
1387380221.0
1387380221.0
1387380224.0
1387380225.0
1387380225.0
1387380226.0
1387380227.0
1387380229.0
1387380229.0
1387380229.0
1387380230.0
1387380230.0
1387380232.0
1387380232.0
1387380234.0
1387380234.0
1387380235.0
1387380240.0
1387380242.0
1387380245.0
1387380246.0
1387380247.0
1387380247.0
1387380250.0
1387380251.0
1387380253.0
1387380255.0
1387380256.0
1387380258.0
1387380262.0
1387380262.0
1387380262.0
1387380263.0
1387380264.0
1387380265.0
1387380265.0
1387380266.0
1387380266.0
1387380268.0
1387380268.0
1387380269.0
1387380270.0
1387380271.0
1387380272.0
1387380273.0
1387380275.0
1387380275.0
1387380275.0
1387380276.0
1387380277.0
1387380277.0
1387380277.0
1387380280.0
1387380281.0
1387380282.0
1387380282.0
1387380284.0
1387380285.0
1387380288.0
1387380288.0
1387380288.0
1387380289.0
1387380291.0
1387380291.0
1387380291.0
1387380292.0
1387380295.0
1387380295.0
1387380297.0
1387380300.0
1387380300.0
1387380302.0
1387380304.0
1387380305.0
1387380306.0
1387380306.0
1387380307.0
1387380309.0
1387380311.0
1387380312.0
1387380314.0
1387380315.0
1387380316.0
1387380317.0
1387380318.0
1387380318.0
1387380320.0
1387380321.0
1387380322.0
1387380324.0
1387380327.0
1387380327.0
1387380327.0
1387380338.0
1387380721.0
1387380795.0
1387381161.0
1387381186.0
1387381657.0
1387381666.0
1387381963.0
1387381976.0
1387382319.0
1387382421.0
1387382445.0
1387382630.0
1387382884.0
1387383008.0
1387383359.0
1387384189.0
1387384964.0
1387385925.0
1387386377.0
1387386405.0
1387386552.0
1387386624.0
1387386754.0
1387387084.0
1387387111.0
1387387260.0
1387387326.0
1387387902.0
1387388960.0
1387389108.0
1387389162.0
1387389327.0
1387389671.0
1387389691.0
1387389798.0
1387389821.0
1387389872.0
1387389889.0
1387389947.0
1387390103.0
1387390246.0
1387391262.0
1387391740.0
1387391764.0
1387392233.0
1387392304.0
1387392687.0
1387393104.0
1387393785.0
1387393805.0
1387394697.0
1387395125.0
1387395208.0
1387395293.0
1387395472.0
1387395549.0
1387395555.0
1387395798.0
1387395903.0
1387395919.0
1387395952.0
1387395970.0
1387395980.0
1387396010.0
1387396445.0
1387396641.0
1387396751.0
1387396849.0
1387397704.0
1387398017.0
1387398156.0
1387398639.0
1387398661.0
1387398963.0
1387399805.0
1387400052.0
1387400473.0
1387400493.0
1387400795.0
1387400960.0
1387401049.0
1387402970.0
1387403246.0
1387403247.0
1387403403.0
1387403867.0
1387404636.0
1387405176.0
1387405575.0
1387405725.0
1387406165.0
1387406165.0
1387406529.0
1387407233.0
1387407993.0
1387408741.0
1387410110.0
1387410414.0
1387410615.0
1387410644.0
1387410973.0
1387411270.0
1387411670.0
1387411734.0
1387411807.0
1387411883.0
1387412102.0
1387412122.0
1387412128.0
1387412151.0
1387412165.0
1387412260.0
1387412262.0
1387412405.0
1387412486.0
1387412549.0
1387412651.0
1387412796.0
1387412811.0
1387412860.0
1387412880.0
1387412952.0
1387413035.0
1387413586.0
1387413981.0
1387415682.0
1387415789.0
1387418264.0
1387418362.0
1387418371.0
1387419100.0
1387420146.0
1387420946.0
1387421004.0
1387421780.0
1387423046.0
1387423535.0
1387423697.0
1387424170.0
1387424823.0
1387425358.0
1387425384.0
1387425472.0
1387425656.0
1387426188.0
1387426670.0
1387428003.0
1387428188.0
1387428546.0
1387428693.0
1387428824.0
1387429138.0
1387430278.0
1387431176.0
1387432121.0
1387433129.0
1387434418.0
1387435578.0
1387435601.0
1387436180.0
1387436483.0
1387436545.0
1387436899.0
1387437411.0
1387439492.0
1387439538.0
1387439683.0
1387440809.0
1387441973.0
1387442380.0
1387442389.0
1387442419.0
1387442477.0
1387445721.0
1387445925.0
1387445940.0
1387445942.0
1387447735.0
1387448675.0
1387449672.0
1387449859.0
1387450051.0
1387450262.0
1387450262.0
1387450263.0
1387450263.0
1387450263.0
1387450264.0
1387450264.0
1387450264.0
1387450264.0
1387450265.0
1387450265.0
1387450265.0
1387450266.0
1387450266.0
1387450266.0
1387450266.0
1387450267.0
1387450267.0
1387450267.0
1387450267.0
1387450267.0
1387450268.0
1387450268.0
1387450268.0
1387450432.0
1387450470.0
1387451264.0
1387451602.0
1387452531.0
1387452885.0
1387453101.0
1387453139.0
1387455655.0
1387456260.0
1387456267.0
1387456340.0
1387457238.0
1387457733.0
1387458381.0
1387459793.0
1387461155.0
1387462417.0
1387462593.0
1387463096.0
1387464093.0
1387464344.0
1387464344.0
1387464391.0
1387464698.0
1387464724.0
1387466169.0
1387466588.0
1387467616.0
1387467659.0
1387467828.0
1387467874.0