1387641603.0
1387641605.0
1387641605.0
1387641606.0
1387641609.0
1387641617.0
1387641617.0
1387641618.0
1387641618.0
1387641620.0
1387641622.0
1387641624.0
1387641626.0
1387641628.0
1387641632.0
1387641633.0
1387641633.0
1387641639.0
1387641640.0
1387641644.0
1387641644.0
1387641647.0
1387641648.0
1387641649.0
1387641650.0
1387641651.0
1387641656.0
1387641664.0
1387641665.0
1387641666.0
1387641667.0
1387641667.0
1387641668.0
1387641668.0
1387641669.0
1387641669.0
1387641671.0
1387641672.0
1387641676.0
1387641678.0
1387641678.0
1387641679.0
1387641684.0
1387641691.0
1387641692.0
1387641693.0
1387641695.0
1387641697.0
1387641710.0
1387641711.0
1387641719.0
1387641721.0
1387641729.0
1387641735.0
1387641742.0
1387641745.0
1387641750.0
1387641757.0
1387641762.0
1387641776.0
1387641777.0
1387641782.0
1387641793.0
1387641802.0
1387641824.0
1387641824.0
1387641825.0
1387641826.0
1387641829.0
1387641835.0
1387641836.0
1387641838.0
1387641849.0
1387641850.0
1387641859.0
1387641862.0
1387641868.0
1387641878.0
1387641878.0
1387641887.0
1387641890.0
1387641897.0
1387641898.0
1387641905.0
1387641907.0
1387641910.0
1387641914.0
1387641915.0
1387641919.0
1387641928.0
1387641939.0
1387641940.0
1387641940.0
1387641943.0
1387641944.0
1387641946.0
1387641946.0
1387641948.0
1387641952.0
1387641952.0
1387641953.0
1387641954.0
1387641955.0
1387641959.0
1387641959.0
1387641959.0
1387641972.0
1387641973.0
1387641974.0
1387641988.0
1387641992.0
1387641994.0
1387641999.0
1387642003.0
1387642006.0
1387642009.0
1387642010.0
1387642030.0
1387642031.0
1387642039.0
1387642046.0
1387642055.0
1387642059.0
1387642060.0
1387642062.0
1387642079.0
1387642082.0
1387642084.0
1387642092.0
1387642095.0
1387642095.0
1387642095.0
1387642096.0
1387642097.0
1387642098.0
1387642112.0
1387642115.0
1387642115.0
1387642119.0
1387642120.0
1387642120.0
1387642122.0
1387642124.0
1387642127.0
1387642132.0
1387642133.0
1387642137.0
1387642138.0
1387642142.0
1387642145.0
1387642146.0
1387642154.0
1387642154.0
1387642155.0
1387642159.0
1387642160.0
1387642165.0
1387642168.0
1387642171.0
1387642172.0
1387642173.0
1387642175.0
1387642180.0
1387642182.0
1387642182.0
1387642184.0
1387642185.0
1387642188.0
1387642189.0
1387642192.0
1387642196.0
1387642199.0
1387642203.0
1387642206.0
1387642206.0
1387642208.0
1387642209.0
1387642210.0
1387642210.0
1387642215.0
1387642216.0
1387642221.0
1387642224.0
1387642226.0
1387642227.0
1387642229.0
1387642231.0
1387642233.0
1387642238.0
1387642238.0
1387642239.0
1387642241.0
1387642249.0
1387642251.0
1387642251.0
1387642251.0
1387642252.0
1387642252.0
1387642252.0
1387642253.0
1387642254.0
1387642254.0
1387642263.0
1387642267.0
1387642273.0
1387642273.0
1387642274.0
1387642286.0
1387642287.0
1387642290.0
1387642290.0
1387642295.0
1387642296.0
1387642302.0
1387642302.0
1387642302.0
1387642305.0
1387642311.0
1387642317.0
1387642319.0
1387642322.0
1387642324.0
1387642327.0
1387642329.0
1387642330.0
1387642331.0
1387642332.0
1387642334.0
1387642336.0
1387642338.0
1387642339.0
1387642342.0
1387642342.0
1387642343.0
1387642343.0
1387642345.0
1387642346.0
1387642355.0
1387642358.0
1387642358.0
1387642358.0
1387642365.0
1387642369.0
1387642369.0
1387642369.0
1387642369.0
1387642370.0
1387642370.0
1387642370.0
1387642370.0
1387642370.0
1387642372.0
1387642374.0
1387642375.0
1387642378.0
1387642379.0
1387642381.0
1387642389.0
1387642390.0
1387642393.0
1387642393.0
1387642397.0
1387642399.0
1387642400.0
1387642403.0
1387642404.0
1387642408.0
1387642415.0
1387642416.0
1387642421.0
1387642423.0
1387642423.0
1387642426.0
1387642426.0
1387642427.0
1387642431.0
1387642433.0
1387642433.0
1387642438.0
1387642439.0
1387642442.0
1387642443.0
1387642443.0
1387642447.0
1387642449.0
1387642450.0
1387642451.0
1387642453.0
1387642455.0
1387642457.0
1387642460.0
1387642462.0
1387642464.0
1387642464.0
1387642470.0
1387642470.0
1387642470.0
1387642472.0
1387642472.0
1387642475.0
1387642481.0
1387642482.0
1387642487.0
1387642487.0
1387642487.0
1387642491.0
1387642494.0
1387642501.0
1387642504.0
1387642504.0
1387642506.0
1387642506.0
1387642507.0
1387642507.0
1387642507.0
1387642507.0
1387642507.0
1387642510.0
1387642513.0
1387642516.0
1387642517.0
1387642524.0
1387642528.0
1387642531.0
1387642533.0
1387642534.0
1387642537.0
1387642539.0
1387642539.0
1387642545.0
1387642546.0
1387642548.0
1387642554.0
1387642555.0
1387642556.0
1387642557.0
1387642559.0
1387642560.0
1387642561.0
1387642562.0
1387642563.0
1387642564.0
1387642564.0
1387642565.0
1387642566.0
1387642571.0
1387642577.0
1387642579.0
1387642582.0
1387642584.0
1387642586.0
1387642588.0
1387642595.0
1387642597.0
1387642601.0
1387642602.0
1387642604.0
1387642605.0
1387642606.0
1387642608.0
1387642612.0
1387642613.0
1387642620.0
1387642622.0
1387642625.0
1387642629.0
1387642629.0
1387642636.0
1387642639.0
1387642643.0
1387642645.0
1387642647.0
1387642647.0
1387642669.0
1387642683.0
1387642685.0
1387642688.0
1387642689.0
1387642690.0
1387642703.0
1387642707.0
1387642707.0
1387642720.0
1387642723.0
1387642723.0
1387642724.0
1387642725.0
1387642729.0
1387642732.0
1387642740.0
1387642756.0
1387642757.0
1387642758.0
1387642759.0
1387642780.0
1387642797.0
1387642798.0
1387642808.0
1387642810.0
1387642811.0
1387642815.0
1387642817.0
1387642818.0
1387642825.0
1387642828.0
1387642830.0
1387642831.0
1387642837.0
1387642843.0
1387642853.0
1387642854.0
1387642856.0
1387642863.0
1387642866.0
1387642884.0
1387642888.0
1387642890.0
1387642891.0
1387642895.0
1387642903.0
1387642912.0
1387642912.0
1387642920.0
1387642921.0
1387642926.0
1387642928.0
1387642938.0
1387642938.0
1387642938.0
1387642951.0
1387642957.0
1387642962.0
1387642964.0
1387642967.0
1387642968.0
1387642969.0
1387642991.0
1387643005.0
1387643013.0
1387643038.0
1387643043.0
1387643047.0
1387643050.0
1387643052.0
1387643055.0
1387643063.0
1387643074.0
1387643075.0
1387643076.0
1387643079.0
1387643079.0
1387643086.0
1387643089.0
1387643090.0
1387643092.0
1387643095.0
1387643099.0
1387643111.0
1387643115.0
1387643117.0
1387643125.0
1387643126.0
1387643130.0
1387643130.0
1387643131.0
1387643137.0
1387643138.0
1387643140.0
1387643141.0
1387643146.0
1387643150.0
1387643150.0
1387643150.0
1387643155.0
1387643156.0
1387643157.0
1387643160.0
1387643160.0
1387643160.0
1387643161.0
1387643162.0
1387643164.0
1387643165.0
1387643167.0
1387643169.0
1387643170.0
1387643172.0
1387643176.0
1387643178.0
1387643181.0
1387643182.0
1387643183.0
1387643185.0
1387643186.0
1387643190.0
1387643191.0
1387643191.0
1387643192.0
1387643192.0
1387643192.0
1387643193.0
1387643196.0
1387643200.0
1387643202.0
1387643204.0
1387643205.0
1387643207.0
1387643207.0
1387643207.0
1387643208.0
1387643209.0
1387643211.0
1387643214.0
1387643215.0
1387643215.0
1387643217.0
1387643219.0
1387643223.0
1387643227.0
1387643229.0
1387643230.0
1387643231.0
1387643232.0
1387643233.0
1387643234.0
1387643238.0
1387643240.0
1387643243.0
1387643243.0
1387643246.0
1387643250.0
1387643250.0
1387643252.0
1387643253.0
1387643254.0
1387643260.0
1387643261.0
1387643262.0
1387643263.0
1387643263.0
1387643265.0
1387643265.0
1387643265.0
1387643266.0
1387643267.0
1387643267.0
1387643268.0
1387643273.0
1387643274.0
1387643274.0
1387643275.0
1387643276.0
1387643276.0
1387643276.0
1387643277.0
1387643279.0
1387643283.0
1387643286.0
1387643288.0
1387643288.0
1387643289.0
1387643289.0
1387643297.0
1387643297.0
1387643297.0
1387643299.0
1387643300.0
1387643310.0
1387643312.0
1387643312.0
1387643318.0
1387643324.0
1387643325.0
1387643327.0
1387643330.0
1387643331.0
1387643331.0
1387643332.0
1387643333.0
1387643338.0
1387643341.0
1387643343.0
1387643346.0
1387643347.0
1387643347.0
1387643348.0
1387643348.0
1387643348.0
1387643348.0
1387643348.0
1387643354.0
1387643360.0
1387643363.0
1387643365.0
1387643365.0
1387643366.0
1387643367.0
1387643370.0
1387643375.0
1387643377.0
1387643379.0
1387643379.0
1387643381.0
1387643385.0
1387643392.0
1387643393.0
1387643394.0
1387643399.0
1387643400.0
1387643401.0
1387643403.0
1387643404.0
1387643404.0
1387643407.0
1387643407.0
1387643407.0
1387643408.0
1387643408.0
1387643410.0
1387643412.0
1387643414.0
1387643415.0
1387643420.0
1387643422.0
1387643425.0
1387643429.0
1387643436.0
1387643437.0
1387643442.0
1387643444.0
1387643449.0
1387643451.0
1387643452.0
1387643453.0
1387643453.0
1387643454.0
1387643458.0
1387643458.0
1387643459.0
1387643462.0
1387643463.0
1387643468.0
1387643468.0
1387643475.0
1387643476.0
1387643483.0
1387643483.0
1387643483.0
1387643483.0
1387643487.0
1387643488.0
1387643491.0
1387643493.0
1387643493.0
1387643493.0
1387643496.0
1387643500.0
1387643503.0
1387643503.0
1387643503.0
1387643504.0
1387643504.0
1387643504.0
1387643507.0
1387643524.0
1387643526.0
1387643532.0
1387643538.0
1387643541.0
1387643543.0
1387643543.0
1387643545.0
1387643547.0
1387643549.0
1387643563.0
1387643573.0
1387643574.0
1387643574.0
1387643575.0
1387643602.0
1387643607.0
1387643617.0
1387643622.0
1387643654.0
1387643656.0
1387643661.0
1387643661.0
1387643661.0
1387643666.0
1387643669.0
1387643670.0
1387643680.0
1387643684.0
1387643684.0
1387643688.0
1387643691.0
1387643693.0
1387643694.0
1387643696.0
1387643704.0
1387643705.0
1387643706.0
1387643709.0
1387643713.0
1387643713.0
1387643720.0
1387643723.0
1387643728.0
1387643728.0
1387643735.0
1387643737.0
1387643740.0
1387643741.0
1387643744.0
1387643747.0
1387643756.0
1387643758.0
1387643763.0
1387643766.0
1387643768.0
1387643770.0
1387643770.0
1387643774.0
1387643776.0
1387643782.0
1387643782.0
1387643799.0
1387643800.0
1387643800.0
1387643807.0
1387643820.0
1387643821.0
1387643822.0
1387643828.0
1387643828.0
1387643829.0
1387643838.0
1387643839.0
1387643847.0
1387643849.0
1387643850.0
1387643855.0
1387643858.0
1387643863.0
1387643868.0
1387643877.0
1387643883.0
1387643883.0
1387643892.0
1387643892.0
1387643906.0
1387643914.0
1387643915.0
1387643915.0
1387643915.0
1387643917.0
1387643920.0
1387643920.0
1387643922.0
1387643925.0
1387643931.0
1387643945.0
1387643946.0
1387643946.0
1387643961.0
1387643967.0
1387643970.0
1387643971.0
1387643973.0
1387643974.0
1387643975.0
1387643976.0
1387643983.0
1387643992.0
1387643994.0
1387643998.0
1387643999.0
1387644004.0
1387644015.0
1387644015.0
1387644019.0
1387644025.0
1387644026.0
1387644026.0
1387644030.0
1387644033.0
1387644033.0
1387644034.0
1387644039.0
1387644043.0
1387644045.0
1387644045.0
1387644049.0
1387644056.0
1387644057.0
1387644060.0
1387644065.0
1387644065.0
1387644069.0
1387644072.0
1387644073.0
1387644076.0
1387644076.0
1387644079.0
1387644091.0
1387644093.0
1387644099.0
1387644099.0
1387644099.0
1387644100.0
1387644105.0
1387644106.0
1387644107.0
1387644107.0
1387644110.0
1387644115.0
1387644116.0
1387644120.0
1387644122.0
1387644123.0
1387644124.0
1387644128.0
1387644128.0
1387644129.0
1387644130.0
1387644131.0
1387644134.0
1387644135.0
1387644135.0
1387644136.0
1387644136.0
1387644137.0
1387644138.0
1387644143.0
1387644143.0
1387644155.0
1387644161.0
1387644161.0
1387644167.0
1387644167.0
1387644168.0
1387644171.0
1387644174.0
1387644177.0
1387644179.0
1387644180.0
1387644181.0
1387644185.0
1387644185.0
1387644188.0
1387644195.0
1387644198.0
1387644199.0
1387644199.0
1387644200.0
1387644200.0
1387644200.0
1387644201.0
1387644201.0
1387644203.0
1387644204.0
1387644206.0
1387644209.0
1387644210.0
1387644214.0
1387644215.0
1387644216.0
1387644217.0
1387644217.0
1387644219.0
1387644221.0
1387644223.0
1387644224.0
1387644225.0
1387644228.0
1387644231.0
1387644234.0
1387644236.0
1387644236.0
1387644238.0
1387644239.0
1387644240.0
1387644242.0
1387644242.0
1387644243.0
1387644243.0
1387644245.0
1387644245.0
1387644246.0
1387644251.0
1387644252.0
1387644253.0
1387644253.0
1387644254.0
1387644255.0
1387644255.0
1387644258.0
1387644260.0
1387644261.0
1387644261.0
1387644267.0
1387644268.0
1387644269.0
1387644270.0
1387644274.0
1387644281.0
1387644285.0
1387644287.0
1387644288.0
1387644289.0
1387644289.0
1387644289.0
1387644289.0
1387644292.0
1387644292.0
1387644293.0
1387644294.0
1387644295.0
1387644297.0
1387644301.0
1387644304.0
1387644304.0
1387644309.0
1387644310.0
1387644314.0
1387644319.0
1387644320.0
1387644323.0
1387644325.0
1387644329.0
1387644331.0
1387644333.0
1387644334.0
1387644336.0
1387644337.0
1387644340.0
1387644343.0
1387644345.0
1387644345.0
1387644345.0
1387644349.0
1387644351.0
1387644351.0
1387644352.0
1387644355.0
1387644355.0
1387644355.0
1387644355.0
1387644360.0
1387644363.0
1387644363.0
1387644365.0
1387644365.0
1387644367.0
1387644369.0
1387644372.0
1387644373.0
1387644375.0
1387644376.0
1387644376.0
1387644377.0
1387644379.0
1387644384.0
1387644387.0
1387644389.0
1387644392.0
1387644394.0
1387644395.0
1387644395.0
1387644395.0
1387644398.0
1387644398.0
1387644398.0
1387644398.0
1387644399.0
1387644400.0
1387644403.0
1387644405.0
1387644405.0
1387644407.0
1387644408.0
1387644408.0
1387644410.0
1387644411.0
1387644412.0
1387644412.0
1387644414.0
1387644415.0
1387644417.0
1387644418.0
1387644419.0
1387644422.0
1387644423.0
1387644423.0
1387644425.0
1387644430.0
1387644432.0
1387644432.0
1387644432.0
1387644438.0
1387644441.0
1387644442.0
1387644442.0
1387644445.0
1387644459.0
1387644459.0
1387644462.0
1387644463.0
1387644480.0
1387644483.0
1387644484.0
1387644487.0
1387644505.0
1387644517.0
1387644530.0
1387644531.0
1387644542.0
1387644556.0
1387644556.0
1387644575.0
1387644588.0
1387644602.0
1387644603.0
1387644611.0
1387644613.0
1387644626.0
1387644627.0
1387644635.0
1387644638.0
1387644639.0
1387644641.0
1387644645.0
1387644658.0
1387644666.0
1387644673.0
1387644675.0
1387644675.0
1387644690.0
1387644691.0
1387644697.0
1387644700.0
1387644700.0
1387644703.0
1387644704.0
1387644716.0
1387644729.0
1387644740.0
1387644743.0
1387644753.0
1387644764.0
1387644766.0
1387644766.0
1387644766.0
1387644767.0
1387644771.0
1387644773.0
1387644774.0
1387644790.0
1387644794.0
1387644794.0
1387644820.0
1387644827.0
1387644827.0
1387644828.0
1387644834.0
1387644835.0
1387644837.0
1387644843.0
1387644847.0
1387644850.0
1387644855.0
1387644856.0
1387644858.0
1387644865.0
1387644867.0
1387644867.0
1387644869.0
1387644878.0
1387644878.0
1387644882.0
1387644885.0
1387644889.0
1387644893.0
1387644895.0
1387644896.0
1387644897.0
1387644899.0
1387644899.0
1387644905.0
1387644914.0
1387644922.0
1387644924.0
1387644931.0
1387644939.0
1387644940.0
1387644941.0
1387644943.0
1387644944.0
1387644945.0
1387644948.0
1387644951.0
1387644951.0
1387644955.0
1387644957.0
1387644962.0
1387644962.0
1387644963.0
1387644967.0
1387644969.0
1387644971.0
1387644972.0
1387644975.0
1387644977.0
1387644977.0
1387644978.0
1387644978.0
1387644978.0
1387644981.0
1387644982.0
1387644985.0
1387644988.0
1387644991.0
1387644993.0
1387644994.0
1387644997.0
1387644997.0
1387644998.0
1387644999.0
1387645000.0
1387645001.0
1387645003.0
1387645008.0
1387645009.0
1387645010.0
1387645015.0
1387645016.0
1387645016.0
1387645017.0
1387645018.0
1387645019.0
1387645019.0
1387645023.0
1387645024.0
1387645026.0
1387645027.0
1387645028.0
1387645030.0
1387645030.0
1387645032.0
1387645032.0
1387645032.0
1387645037.0
1387645037.0
1387645040.0
1387645040.0
1387645040.0
1387645050.0
1387645053.0
1387645064.0
1387645065.0
1387645067.0
1387645068.0
1387645071.0
1387645071.0
1387645073.0
1387645073.0
1387645077.0
1387645079.0
1387645080.0
1387645080.0
1387645084.0
1387645086.0
1387645088.0
1387645088.0
1387645089.0
1387645094.0
1387645095.0
1387645097.0
1387645098.0
1387645099.0
1387645100.0
1387645101.0
1387645106.0
1387645107.0
1387645109.0
1387645110.0
1387645111.0
1387645112.0
1387645113.0
1387645115.0
1387645116.0
1387645120.0
1387645120.0
1387645121.0
1387645127.0
1387645128.0
1387645128.0
1387645135.0
1387645136.0
1387645137.0
1387645143.0
1387645143.0
1387645143.0
1387645144.0
1387645146.0
1387645150.0
1387645159.0
1387645159.0
1387645164.0
1387645171.0
1387645172.0
1387645172.0
1387645179.0
1387645180.0
1387645187.0
1387645191.0
1387645191.0
1387645191.0
1387645191.0
1387645192.0
1387645192.0
1387645196.0
1387645198.0
1387645200.0
1387645202.0
1387645204.0
1387645205.0
1387645206.0
1387645208.0
1387645209.0
1387645209.0
1387645209.0
1387645214.0
1387645220.0
1387645222.0
1387645224.0
1387645226.0
1387645227.0
1387645227.0
1387645228.0
1387645234.0
1387645234.0
1387645235.0
1387645241.0
1387645244.0
1387645244.0
1387645245.0
1387645247.0
1387645253.0
1387645253.0
1387645254.0
1387645254.0
1387645255.0
1387645255.0
1387645255.0
1387645256.0
1387645257.0
1387645260.0
1387645260.0
1387645265.0
1387645267.0
1387645269.0
1387645272.0
1387645272.0
1387645275.0
1387645275.0
1387645276.0
1387645277.0
1387645278.0
1387645280.0
1387645285.0
1387645286.0
1387645287.0
1387645288.0
1387645289.0
1387645291.0
1387645299.0
1387645300.0
1387645302.0
1387645305.0
1387645305.0
1387645306.0
1387645310.0
1387645312.0
1387645317.0
1387645325.0
1387645330.0
1387645330.0
1387645332.0
1387645335.0
1387645339.0
1387645348.0
1387645349.0
1387645354.0
1387645360.0
1387645362.0
1387645363.0
1387645364.0
1387645374.0
1387645375.0
1387645378.0
1387645381.0
1387645382.0
1387645383.0
1387645386.0
1387645386.0
1387645389.0
1387645389.0
1387645396.0
1387645405.0
1387645418.0
1387645422.0
1387645424.0
1387645435.0
1387645439.0
1387645442.0
1387645449.0
1387645455.0
1387645460.0
1387645485.0
1387645486.0
1387645487.0
1387645488.0
1387645489.0
1387645497.0
1387645498.0
1387645506.0
1387645514.0
1387645514.0
1387645517.0
1387645520.0
1387645522.0
1387645522.0
1387645534.0
1387645542.0
1387645545.0
1387645551.0
1387645551.0
1387645552.0
1387645558.0
1387645559.0
1387645559.0
1387645560.0
1387645562.0
1387645564.0
1387645583.0
1387645593.0
1387645594.0
1387645595.0
1387645595.0
1387645597.0
1387645605.0
1387645613.0
1387645613.0
1387645614.0
1387645615.0
1387645635.0
1387645643.0
1387645643.0
1387645649.0
1387645650.0
1387645651.0
1387645656.0
1387645656.0
1387645657.0
1387645657.0
1387645657.0
1387645659.0
1387645660.0
1387645667.0
1387645670.0
1387645670.0
1387645679.0
1387645680.0
1387645685.0
1387645690.0
1387645700.0
1387645710.0
1387645725.0
1387645728.0
1387645729.0
1387645730.0
1387645731.0
1387645731.0
1387645735.0
1387645736.0
1387645744.0
1387645745.0
1387645747.0
1387645756.0
1387645763.0
1387645768.0
1387645770.0
1387645771.0
1387645781.0
1387645783.0
1387645784.0
1387645795.0
1387645803.0
1387645807.0
1387645816.0
1387645818.0
1387645827.0
1387645827.0
1387645833.0
1387645833.0
1387645834.0
1387645834.0
1387645836.0
1387645844.0
1387645851.0
1387645858.0
1387645869.0
1387645875.0
1387645876.0
1387645880.0
1387645882.0
1387645883.0
1387645884.0
1387645888.0
1387645900.0
1387645912.0
1387645913.0
1387645921.0
1387645928.0
1387645929.0
1387645932.0
1387645934.0
1387645934.0
1387645950.0
1387645951.0
1387645952.0
1387645955.0
1387645958.0
1387645962.0
1387645963.0
1387645964.0
1387645968.0
1387645969.0
1387645970.0
1387645974.0
1387645976.0
1387645976.0
1387645984.0
1387645985.0
1387645986.0
1387645987.0
1387645989.0
1387645991.0
1387645992.0
1387645995.0
1387645997.0
1387645997.0
1387645999.0
1387646001.0
1387646003.0
1387646006.0
1387646006.0
1387646008.0
1387646010.0
1387646011.0
1387646012.0
1387646012.0
1387646014.0
1387646017.0
1387646021.0
1387646023.0
1387646024.0
1387646024.0
1387646026.0
1387646027.0
1387646028.0
1387646029.0
1387646029.0
1387646031.0
1387646032.0
1387646032.0
1387646033.0
1387646033.0
1387646035.0
1387646035.0
1387646035.0
1387646036.0
1387646036.0
1387646041.0
1387646041.0
1387646044.0
1387646046.0
1387646046.0
1387646048.0
1387646052.0
1387646053.0
1387646054.0
1387646054.0
1387646055.0
1387646056.0
1387646057.0
1387646058.0
1387646059.0
1387646062.0
1387646063.0
1387646068.0
1387646069.0
1387646070.0
1387646070.0
1387646070.0
1387646072.0
1387646073.0
1387646073.0
1387646074.0
1387646074.0
1387646081.0
1387646081.0
1387646086.0
1387646088.0
1387646088.0
1387646093.0
1387646097.0
1387646098.0
1387646099.0
1387646101.0
1387646102.0
1387646104.0
1387646104.0
1387646106.0
1387646107.0
1387646108.0
1387646109.0
1387646110.0
1387646110.0
1387646112.0
1387646113.0
1387646115.0
1387646117.0
1387646121.0
1387646126.0
1387646127.0
1387646127.0
1387646130.0
1387646130.0
1387646132.0
1387646133.0
1387646133.0
1387646136.0
1387646140.0
1387646140.0
1387646142.0
1387646143.0
1387646147.0
1387646149.0
1387646150.0
1387646151.0
1387646151.0
1387646158.0
1387646158.0
1387646160.0
1387646160.0
1387646161.0
1387646162.0
1387646163.0
1387646164.0
1387646165.0
1387646166.0
1387646166.0
1387646167.0
1387646167.0
1387646169.0
1387646171.0
1387646171.0
1387646173.0
1387646173.0
1387646173.0
1387646174.0
1387646174.0
1387646176.0
1387646179.0
1387646179.0
1387646179.0
1387646180.0
1387646183.0
1387646184.0
1387646186.0
1387646187.0
1387646188.0
1387646189.0
1387646192.0
1387646193.0
1387646196.0
1387646196.0
1387646197.0
1387646201.0
1387646201.0
1387646204.0
1387646204.0
1387646205.0
1387646207.0
1387646213.0
1387646214.0
1387646215.0
1387646218.0
1387646226.0
1387646228.0
1387646228.0
1387646228.0
1387646229.0
1387646230.0
1387646236.0
1387646239.0
1387646243.0
1387646249.0
1387646251.0
1387646254.0
1387646254.0
1387646257.0
1387646258.0
1387646259.0
1387646262.0
1387646264.0
1387646265.0
1387646266.0
1387646266.0
1387646266.0
1387646269.0
1387646269.0
1387646270.0
1387646270.0
1387646271.0
1387646275.0
1387646276.0
1387646277.0
1387646284.0
1387646287.0
1387646287.0
1387646287.0
1387646289.0
1387646292.0
1387646292.0
1387646293.0
1387646293.0
1387646294.0
1387646294.0
1387646295.0
1387646296.0
1387646297.0
1387646297.0
1387646297.0
1387646299.0
1387646310.0